Samples	SBS96A	SBS96B	SBS96C	SBS96D	SBS96E	SBS96F	SBS96G	SBS96H
P-0000862-T01-IM3	6	6	0	1	14	0	8	0
P-0001020-T01-IM3	2	7	0	0	9	0	0	0
P-0001237-T02-IM6	21	1	1	0	0	13	7	5
P-0001685-T02-IM3	22	0	0	0	3	18	0	2
P-0002463-T01-IM3	2	12	8	0	0	2	0	17
P-0002671-T01-IM3	8	0	3	0	0	0	40	0
P-0003209-T01-IM5	46	5	7	0	0	5	0	0
P-0003796-T01-IM5	1	6	0	0	0	10	0	1
P-0004011-T01-IM5	16	19	14	0	0	0	1	0
P-0004051-T01-IM5	1	16	4	0	0	9	8	4
P-0004083-T01-IM5	4	0	0	0	8	0	0	0
P-0004362-T01-IM5	29	1	5	0	0	0	2	15
P-0004602-T01-IM5	15	9	12	0	0	0	4	1
P-0004738-T01-IM5	7	15	4	0	12	9	8	11
P-0004754-T01-IM5	20	15	3	0	5	8	0	5
P-0004783-T01-IM5	4	27	0	0	7	0	0	0
P-0004865-T01-IM5	5	2	23	114	0	0	0	3
P-0005151-T01-IM5	17	4	0	2	1	15	7	6
P-0005197-T01-IM5	18	2	8	0	0	3	10	0
P-0005230-T01-IM5	29	1	11	0	16	0	0	7
P-0005326-T01-IM5	8	6	10	0	13	0	0	13
P-0005443-T01-IM5	6	10	3	0	2	0	5	2
P-0005455-T01-IM5	17	1	3	2	0	0	6	9
P-0005529-T01-IM5	2	5	3	0	12	0	2	0
P-0005548-T01-IM5	17	18	15	0	8	0	3	0
P-0005560-T01-IM5	6	5	8	0	11	0	3	0
P-0005823-T01-IM5	30	4	4	2	0	5	8	9
P-0005824-T01-IM5	13	12	63	259	0	0	0	0
P-0005987-T01-IM5	1	6	0	2	0	1	0	12
P-0006170-T01-IM5	10	0	0	3	0	24	1	1
P-0006207-T01-IM5	4	6	0	2	20	0	8	0
P-0006365-T01-IM5	5	1	8	0	2	4	9	0
P-0006612-T01-IM5	8	8	182	158	0	0	5	0
P-0006753-T01-IM5	3	5	1	2	0	16	0	4
P-0006960-T01-IM5	17	92	39	74	33	31	61	0
P-0007055-T01-IM5	6	3	6	0	7	11	1	2
P-0007147-T01-IM5	12	21	18	2	35	2	8	21
P-0007296-T01-IM5	15	12	0	2	12	0	14	0
P-0007596-T01-IM5	10	22	3	0	0	0	9	0
P-0007688-T01-IM5	5	8	4	2	5	0	12	0
P-0007739-T01-IM5	0	7	0	0	6	2	0	6
P-0007831-T01-IM5	3	6	5	2	2	16	0	0
P-0007836-T01-IM5	27	0	2	0	0	12	0	5
P-0007843-T01-IM5	6	4	1	0	0	8	5	2
P-0007882-T01-IM5	2	13	0	0	12	4	1	0
P-0007997-T01-IM5	3	7	0	0	0	17	1	4
P-0008180-T01-IM5	11	17	2	0	5	0	9	8
P-0008226-T02-IM5	12	3	10	2	0	2	11	0
P-0008317-T01-IM5	27	4	4	0	0	0	1	3
P-0008504-T03-IM6	2	3	0	5	22	1	11	23
P-0008721-T01-IM5	9	8	3	2	9	10	5	8
P-0008729-T01-IM5	8	3	6	2	0	10	4	3
P-0008745-T01-IM5	12	4	0	0	0	6	0	0
P-0008746-T01-IM5	10	7	6	0	0	0	0	13
P-0009157-T01-IM5	0	6	2	0	9	0	9	0
P-0009830-T01-IM5	5	0	3	0	0	10	0	9
P-0009964-T01-IM5	4	1	4	0	2	2	8	3
P-0010167-T01-IM5	0	8	0	0	7	0	1	7
P-0010275-T01-IM5	13	13	3	0	0	2	6	4
P-0010308-T01-IM5	3	0	3	0	2	12	0	3
P-0010499-T01-IM5	0	5	66	73	0	2	0	9
P-0010587-T01-IM5	29	0	16	2	9	0	5	0
P-0010680-T02-IM6	4	0	0	3	0	23	0	0
P-0010783-T01-IM5	18	7	0	0	16	0	1	7
P-0010798-T01-IM5	0	1	0	0	6	6	2	0
P-0010929-T01-IM5	7	10	6	0	0	0	0	3
P-0011068-T01-IM5	5	6	1	0	0	6	2	4
P-0011071-T01-IM5	15	5	1	4	0	14	0	17
P-0011226-T01-IM5	17	13	6	0	0	14	2	0
P-0011235-T01-IM5	1	2	1	0	9	5	0	0
P-0011324-T01-IM5	32	0	8	0	9	1	0	0
P-0011357-T01-IM5	0	21	47	139	0	0	0	0
P-0012115-T01-IM5	9	9	0	0	0	1	0	6
P-0012249-T01-IM5	4	5	1	0	0	9	6	0
P-0012313-T01-IM5	13	7	2	2	3	7	0	6
P-0012402-T01-IM5	6	20	83	101	0	0	21	8
P-0013010-T01-IM5	24	9	15	0	27	0	1	1
P-0013082-T01-IM5	18	5	6	0	0	15	1	0
P-0013227-T01-IM5	1	4	2	0	0	8	14	8
P-0013357-T01-IM5	12	3	2	2	0	11	5	0
P-0013374-T01-IM5	18	26	0	0	1	0	0	4
P-0013400-T01-IM5	31	7	9	0	0	0	0	0
P-0013462-T01-IM5	3	0	2	0	7	0	5	11
P-0013492-T01-IM5	10	3	3	0	0	2	18	0
P-0013876-T01-IM5	5	14	7	0	15	0	1	0
P-0013981-T01-IM5	11	0	8	0	0	15	0	5
P-0014143-T01-IM5	0	10	4	0	9	10	1	2
P-0014258-T01-IM6	2	21	8	0	0	23	2	20
P-0014616-T01-IM6	8	8	0	0	0	1	3	0
P-0014787-T01-IM6	8	4	4	2	4	0	16	0
P-0014994-T01-IM6	11	11	1	0	7	0	6	0
P-0015237-T01-IM6	0	7	3	2	10	13	4	0
P-0015252-T01-IM6	15	9	2	0	1	1	0	3
P-0015416-T01-IM6	36	12	6	0	20	0	1	13
P-0015536-T01-IM6	7	2	5	2	0	0	15	12
P-0015699-T01-IM6	0	2	0	2	7	25	0	10
P-0015851-T01-IM6	13	1	1	0	6	5	0	0
P-0016314-T01-IM6	6	14	7	0	2	15	15	30
P-0016522-T01-IM6	13	5	6	0	0	7	4	0
P-0016890-T01-IM6	6	0	1	2	0	20	9	0
P-0017583-T01-IM5	0	8	1	2	2	4	2	10
P-0017664-T01-IM5	1	0	0	0	4	0	0	0
P-0017697-T01-IM6	26	9	0	0	14	1	14	6
P-0017839-T01-IM6	16	1	15	0	4	0	5	0
P-0017925-T01-IM6	8	7	6	0	15	0	11	1
P-0017986-T02-IM6	20	3	2	2	11	17	10	0
P-0017995-T01-IM6	5	12	5	0	6	10	0	0
P-0018374-T01-IM6	6	10	4	2	6	0	7	2
P-0018436-T01-IM6	8	0	1	0	3	4	0	0
P-0018437-T01-IM6	9	3	0	0	0	11	2	8
P-0018841-T01-IM6	0	5	0	0	0	9	0	36
P-0019183-T01-IM6	1	4	0	0	0	3	0	0
P-0019428-T01-IM6	13	2	3	0	11	7	0	0
P-0019464-T01-IM6	23	14	10	2	34	0	13	0
P-0019475-T01-IM6	10	6	0	0	1	22	14	14
P-0019846-T01-IM6	4	6	3	0	9	0	8	3
P-0019949-T01-IM6	10	7	3	1	5	0	0	0
P-0020143-T01-IM6	22	1	2	0	9	8	0	9
P-0020144-T01-IM6	3	0	3	0	10	2	0	0
P-0020221-T01-IM6	17	10	2	0	15	0	5	8
P-0020330-T01-IM6	13	23	7	3	13	0	5	33
P-0020331-T01-IM6	25	5	0	2	19	12	6	19
P-0020399-T01-IM6	11	1	2	0	16	0	4	6
P-0020431-T01-IM6	13	0	5	0	0	5	0	3
P-0020473-T01-IM6	2	9	88	49	0	0	0	0
P-0020689-T01-IM6	18	5	19	2	13	0	11	2
P-0020748-T01-IM6	3	0	1	2	10	0	0	0
P-0020834-T01-IM6	3	0	6	0	0	0	8	0
P-0021049-T01-IM6	9	7	5	0	15	0	0	0
P-0021090-T01-IM6	4	21	113	40	0	0	0	0
P-0021154-T01-IM6	1	7	2	0	1	0	14	4
P-0021292-T01-IM6	13	5	3	0	7	0	8	0
P-0021304-T01-IM6	30	12	8	2	0	12	0	0
P-0021346-T01-IM6	4	8	2	0	5	3	0	0
P-0021393-T01-IM6	16	29	0	0	0	0	17	1
P-0021744-T01-IM6	9	17	0	0	32	0	2	0
P-0022111-T01-IM6	21	16	7	0	0	26	8	7
P-0022508-T01-IM6	9	4	2	0	10	0	0	0
P-0023162-T01-IM6	2	2	0	0	9	0	5	6
P-0023271-T01-IM6	15	23	129	116	0	6	2	10
P-0023272-T01-IM6	10	15	0	1	23	0	0	4
P-0023551-T01-IM6	12	4	4	0	0	0	20	16
P-0023639-T01-IM6	5	10	7	0	13	5	0	3
P-0024928-T01-IM6	0	17	2	0	8	0	0	0
P-0024973-T01-IM6	2	0	1	0	24	0	0	0
P-0025047-T01-IM6	10	0	6	0	0	8	12	20
P-0025073-T01-IM6	14	8	3	3	0	0	0	5
P-0025215-T01-IM6	7	5	5	2	19	3	5	3
P-0025695-T01-IM6	13	4	4	0	0	15	3	0
P-0025715-T01-IM6	7	7	1	0	0	0	22	4
P-0025883-T01-IM6	8	18	3	2	32	0	0	0
P-0026197-T01-IM6	3	12	3	0	9	32	1	12
P-0026480-T01-IM6	4	5	4	0	11	18	18	0
P-0026678-T01-IM6	37	10	8	0	6	0	3	0
P-0026683-T01-IM6	34	6	11	0	25	0	0	1
P-0026908-T01-IM6	4	1	0	2	0	18	1	2
P-0026962-T01-IM6	0	13	6	2	6	0	6	2
P-0027324-T01-IM6	20	18	3	2	6	0	7	0
P-0027335-T01-IM6	13	16	0	0	0	2	7	5
P-0027375-T01-IM6	2	7	7	2	3	3	5	6
P-0027438-T01-IM6	0	23	0	2	3	0	2	3
P-0027740-T01-IM6	47	31	8	0	0	0	2	4
P-0027858-T01-IM6	6	14	0	0	27	21	11	3
P-0027929-T01-IM6	2	64	6	11	63	95	83	7
P-0028069-T01-IM6	3	6	5	0	0	6	12	5
P-0028266-T01-IM6	48	4	12	0	0	28	0	5
P-0028274-T01-IM6	14	8	2	0	8	19	0	0
P-0028344-T01-IM6	3	7	4	0	0	2	7	0
P-0028474-T01-IM6	7	20	2	2	7	26	20	0
P-0028485-T01-IM6	21	21	17	0	18	0	0	6
P-0028571-T01-IM6	11	5	1	0	0	2	14	1
P-0028891-T01-IM6	51	10	4	0	15	22	6	0
P-0028979-T01-IM6	12	0	1	0	0	7	12	26
P-0029114-T01-IM6	0	14	3	0	0	0	0	11
P-0029169-T01-IM6	8	18	4	0	0	0	0	0
P-0029398-T01-IM6	13	8	9	2	0	0	15	0
P-0029399-T01-IM6	10	3	7	2	16	0	8	0
P-0029495-T03-IM6	23	10	10	0	14	0	0	0
P-0029646-T01-IM6	15	6	2	3	0	42	9	5
P-0029980-T01-IM6	8	23	10	2	23	0	7	0
P-0030244-T01-IM6	3	13	0	2	0	25	0	7
P-0030265-T01-IM6	36	149	3	3	0	31	0	6
P-0030636-T01-IM6	9	0	6	0	17	0	0	0
P-0030708-T01-IM6	15	10	4	0	5	21	4	4
P-0030774-T01-IM6	18	18	17	0	5	0	9	4
P-0030960-T01-IM6	8	5	3	1	0	12	5	2
P-0030988-T01-IM6	0	14	3	0	11	0	10	2
P-0031050-T01-IM6	1	11	2	0	8	0	0	9
P-0031091-T01-IM6	7	24	3	0	11	0	15	0
P-0031146-T01-IM6	7	10	1	0	0	0	0	5
P-0031207-T01-IM6	9	0	0	0	10	7	1	11
P-0031496-T01-IM6	13	17	9	0	0	5	5	4
P-0032060-T01-IM6	21	16	0	4	0	3	0	11
P-0032698-T01-IM6	13	6	1	2	2	0	23	0
P-0032718-T01-IM6	2	16	0	4	0	19	2	16
P-0032777-T01-IM6	0	4	2	4	0	2	31	0
P-0033100-T01-IM6	6	4	4	2	29	0	2	0
P-0033382-T01-IM6	40	11	23	2	16	0	0	0
P-0033425-T01-IM6	96	183	29	6	0	28	23	0
P-0033503-T01-IM6	13	3	4	0	9	0	1	0
P-0033748-T01-IM6	0	0	0	95	16	23	0	0
P-0033852-T01-IM6	11	0	7	1	0	6	14	0
P-0034090-T01-IM6	0	7	2	0	0	4	2	4
P-0034401-T01-IM6	7	2	0	0	6	9	0	0
P-0034935-T01-IM6	0	2	0	0	0	4	3	4
P-0034950-T01-IM6	13	7	1	0	0	16	2	0
P-0035033-T01-IM6	3	4	0	0	0	1	0	2
P-0035100-T01-IM6	19	4	0	0	3	0	7	0
P-0035103-T01-IM6	4	8	24	97	0	0	0	0
P-0035437-T01-IM6	0	4	15	2	19	1	6	1
P-0035452-T01-IM6	13	8	7	0	5	22	8	3
P-0035693-T01-IM6	0	3	9	0	7	2	0	0
P-0035742-T01-IM6	0	3	11	7	1	1	0	0
P-0035755-T01-IM6	12	9	0	0	0	9	6	11
P-0035916-T01-IM6	12	5	5	2	0	0	2	16
P-0036028-T01-IM6	10	19	0	4	0	1	12	0
P-0036050-T01-IM6	11	18	9	0	0	0	0	4
P-0036309-T01-IM6	8	6	5	0	11	0	7	2
P-0036334-T01-IM6	19	12	5	2	0	2	5	6
P-0036369-T01-IM6	5	15	8	2	20	0	1	2
P-0036380-T01-IM6	3	1	5	2	0	21	0	0
P-0036500-T01-IM6	15	18	14	0	14	0	0	0
P-0036503-T01-IM6	0	21	68	51	0	0	0	0
P-0036831-T01-IM6	11	5	8	0	0	6	2	11
P-0036852-T01-IM6	12	5	4	4	2	16	5	11
P-0036924-T01-IM6	2	0	1	0	20	8	0	14
P-0037227-T01-IM6	9	1	0	0	13	0	5	4
P-0037246-T01-IM6	5	8	1	2	1	9	0	0
P-0037410-T01-IM6	6	13	0	2	0	30	5	10
P-0037531-T01-IM6	0	6	11	71	0	0	3	19
P-0037582-T01-IM6	13	8	3	0	0	0	4	3
P-0037838-T02-IM6	11	5	0	2	2	0	9	2
P-0037867-T01-IM6	5	7	11	0	8	0	14	0
P-0037875-T01-IM6	3	5	7	0	8	15	4	3
P-0037898-T01-IM6	0	18	52	142	0	4	0	0
P-0038159-T01-IM6	12	1	0	0	15	3	0	2
P-0038378-T01-IM6	10	4	3	0	0	6	2	11
P-0038553-T01-IM6	4	20	5	0	14	6	5	11
P-0038612-T02-IM6	3	9	2	0	2	0	7	4
P-0038638-T01-IM6	3	1	4	0	7	6	7	0
P-0038880-T01-IM6	31	6	10	2	16	9	0	0
P-0038908-T01-IM6	4	0	3	0	9	0	4	1
P-0039283-T01-IM6	47	23	24	2	1	0	9	10
P-0039441-T01-IM6	6	3	1	0	3	17	1	0
P-0039443-T01-IM6	19	8	7	0	0	13	0	3
P-0039589-T01-IM6	27	17	2	13	0	36	26	8
P-0039800-T01-IM6	17	10	0	0	0	0	3	0
P-0039938-T01-IM6	19	11	3	2	0	7	13	3
P-0039999-T01-IM6	10	2	0	0	11	14	0	11
P-0040021-T01-IM6	5	4	3	2	18	0	1	0
P-0040107-T01-IM6	7	13	1	0	21	0	2	0
P-0040121-T01-IM6	4	6	7	2	10	0	4	17
P-0040182-T01-IM6	1	11	1	0	17	0	11	0
P-0040250-T01-IM6	15	21	0	2	0	0	3	0
P-0040355-T01-IM6	10	5	3	0	0	0	2	10
P-0040373-T01-IM6	6	10	9	0	10	0	4	12
P-0040484-T01-IM6	7	7	3	0	0	3	3	0
P-0040678-T01-IM6	20	13	5	0	9	0	2	0
P-0040787-T01-IM6	6	9	13	133	0	12	0	0
P-0041005-T01-IM6	13	20	4	0	5	0	21	10
P-0041144-T01-IM6	12	9	7	0	16	10	4	0
P-0041213-T01-IM6	6	4	1	0	1	14	0	0
P-0041436-T01-IM6	11	11	0	2	15	0	5	4
P-0041542-T01-IM6	4	6	10	0	0	1	0	0
P-0041648-T01-IM6	34	5	9	2	0	9	10	0
P-0041855-T01-IM6	21	6	1	3	0	29	16	3
P-0041986-T01-IM6	14	7	8	0	22	0	3	0
P-0042503-T01-IM6	8	5	0	2	9	0	9	7
P-0042615-T01-IM6	15	0	1	2	0	19	1	0
P-0042737-T01-IM6	12	11	7	0	0	0	12	0
P-0042880-T01-IM6	6	0	4	0	0	13	4	0
P-0043005-T01-IM6	20	13	11	2	8	1	10	0
P-0043052-T01-IM6	33	5	12	0	13	22	8	0
P-0043087-T01-IM6	20	18	10	0	15	0	2	22
P-0043095-T01-IM6	18	6	7	0	6	0	3	16
P-0043154-T01-IM6	13	5	7	2	20	0	5	0
P-0043169-T01-IM6	0	4	0	0	2	11	0	1
P-0043595-T01-IM6	21	5	9	0	2	13	5	1
P-0043599-T01-IM6	8	1	0	2	0	12	0	16
P-0043781-T01-IM6	4	1	2	0	6	1	0	22
P-0043907-T01-IM6	29	0	3	0	11	0	4	3
P-0044184-T01-IM6	9	10	1	0	5	17	11	0
P-0044217-T01-IM6	8	1	0	0	6	0	3	3
P-0044329-T01-IM6	22	3	1	0	0	8	7	11
P-0044371-T01-IM6	8	5	5	0	0	0	0	48
P-0044406-T01-IM6	5	5	6	0	21	0	0	0
P-0044484-T01-IM6	8	10	4	2	14	0	0	0
P-0044540-T01-IM6	3	21	5	5	9	0	0	2
P-0044544-T01-IM6	12	2	0	0	13	5	2	2
P-0044576-T01-IM6	8	2	0	1	14	0	0	7
P-0044645-T01-IM6	53	24	0	1	6	0	1	0
P-0044666-T01-IM6	5	12	0	0	0	10	0	2
P-0044791-T01-IM6	18	15	0	0	8	0	0	0
P-0044805-T01-IM6	12	4	5	0	7	0	2	1
P-0044833-T01-IM6	27	2	3	0	0	10	17	0
P-0044858-T01-IM6	14	1	1	2	3	0	0	8
P-0045009-T01-IM6	5	10	3	0	0	5	2	1
P-0045111-T01-IM6	15	3	6	2	0	12	13	0
P-0045223-T01-IM6	2	5	2	0	0	0	0	12
P-0045253-T01-IM6	5	6	1	0	21	0	0	5
P-0045320-T01-IM6	9	3	6	0	0	2	5	5
P-0045366-T01-IM6	10	9	0	0	2	7	0	5
P-0045460-T01-IM6	1	4	4	0	14	3	3	0
P-0045471-T01-IM6	0	13	3	0	4	0	0	3
P-0045547-T01-IM6	4	1	1	2	5	3	2	0
P-0045569-T01-IM6	23	16	1	0	1	3	9	15
P-0045713-T01-IM6	9	0	3	0	2	7	0	0
P-0045823-T01-IM6	4	15	1	0	9	0	9	0
P-0045984-T01-IM6	24	6	9	0	9	6	0	0
P-0046035-T01-IM6	5	2	0	3	16	0	0	0
P-0046229-T01-IM6	5	3	0	1	4	16	0	2
P-0046266-T01-IM6	5	3	1	0	20	0	12	0
P-0046311-T01-IM6	7	3	9	2	0	3	2	2
P-0046312-T01-IM6	22	0	0	2	0	13	0	0
P-0046394-T01-IM6	15	3	0	1	7	8	1	0
P-0046492-T01-IM6	13	1	9	0	0	6	6	0
P-0046698-T01-IM6	32	24	10	0	3	10	17	5
P-0046738-T01-IM6	4	13	1	0	0	3	3	0
P-0046739-T01-IM6	12	13	3	0	18	0	0	0
P-0046759-T01-IM6	12	13	0	2	2	0	1	10
P-0046843-T01-IM6	26	7	7	0	15	0	0	16
P-0046954-T01-IM6	0	0	0	0	8	2	0	0
P-0047056-T01-IM6	11	15	7	0	23	7	9	6
P-0047121-T01-IM6	12	6	3	0	2	0	0	2
P-0047196-T01-IM6	12	5	1	0	0	12	0	0
P-0047599-T01-IM6	43	9	16	0	12	0	11	0
P-0047601-T01-IM6	0	11	2	0	10	0	2	5
P-0047632-T01-IM6	11	18	3	0	13	0	4	0
P-0047822-T01-IM6	12	0	2	0	6	14	8	4
P-0047850-T01-IM6	18	5	5	0	19	0	2	0
P-0047862-T01-IM6	4	11	3	0	13	0	4	0
P-0047886-T01-IM6	8	6	5	2	15	0	0	12
P-0048082-T01-IM6	13	0	3	0	22	0	2	0
P-0048215-T01-IM6	0	68	196	166	0	25	8	7
P-0048221-T01-IM6	21	19	5	0	3	28	0	2
P-0048257-T01-IM6	0	7	2	4	12	0	9	0
P-0048271-T01-IM6	17	0	6	0	0	2	2	0
P-0048660-T01-IM6	11	2	1	0	3	1	0	7
P-0048893-T01-IM6	9	4	4	2	20	0	2	0
P-0049064-T01-IM6	0	14	7	0	13	7	0	10
P-0049202-T01-IM6	0	5	41	122	0	0	5	0
P-0049359-T01-IM6	9	0	4	0	16	0	0	0
P-0049376-T01-IM6	17	0	5	0	13	0	6	4
P-0049486-T01-IM6	5	6	0	0	0	4	0	5
P-0049600-T01-IM6	5	3	1	0	0	4	4	0
P-0049633-T01-IM6	4	9	0	0	5	0	3	8
P-0049661-T01-IM6	8	5	2	0	0	19	0	0
P-0049762-T01-IM6	4	12	5	0	8	0	4	0
P-0049970-T01-IM6	11	8	6	4	26	0	5	0
P-0050263-T01-IM6	0	0	139	142	0	0	0	0
P-0050266-T01-IM6	4	0	4	2	10	14	13	0
