NMF_Replicate	L1	L1 %	L2	L2 %	KL Divergence	Correlation	Convergence Iterations
1	44.123	96.423	9.954	62.163	1.009	0.706	30000.0
2	42.84	95.067	9.414	60.42	0.995	0.719	50000.0
3	45.637	97.612	10.7	61.602	0.988	0.711	20000.0
4	43.556	94.746	9.585	60.218	0.99	0.715	40000.0
5	42.863	95.381	9.244	60.484	1.011	0.717	40000.0
6	44.884	96.337	10.628	60.925	0.985	0.718	30000.0
7	42.108	94.099	9.129	59.581	0.989	0.717	20000.0
8	43.207	94.303	9.494	60.342	0.987	0.717	50000.0
9	43.152	97.549	9.224	60.881	1.031	0.703	30000.0
10	43.22	94.972	9.421	60.534	0.999	0.712	20000.0
11	43.012	96.26	9.337	61.137	1.018	0.707	20000.0
12	43.463	96.103	9.469	60.87	0.994	0.72	30000.0
13	42.908	95.337	9.351	61.035	0.988	0.71	50000.0
14	42.444	93.171	9.166	59.2	0.985	0.725	30000.0
15	43.17	95.68	9.393	60.913	1.021	0.705	30000.0
16	42.888	94.138	9.457	59.92	0.992	0.718	30000.0
17	42.508	95.013	9.192	59.799	1.012	0.718	30000.0
18	42.49	93.381	9.3	59.451	0.989	0.722	30000.0
19	43.056	94.982	9.248	59.796	0.999	0.715	30000.0
20	42.479	94.829	9.206	60.145	1.012	0.715	30000.0
21	42.857	94.58	9.298	59.677	0.99	0.72	30000.0
22	42.811	94.528	9.167	59.828	1.002	0.721	20000.0
23	42.762	93.391	9.222	59.126	0.989	0.727	40000.0
24	42.484	93.272	9.192	59.556	0.988	0.726	30000.0
25	42.553	94.305	9.337	59.986	0.992	0.722	30000.0
26	44.722	95.293	10.47	60.322	0.988	0.721	20000.0
27	42.014	93.1	9.018	58.685	0.984	0.724	40000.0
28	43.085	94.43	9.308	60.073	0.998	0.713	30000.0
29	42.693	94.036	9.438	60.351	0.999	0.712	30000.0
30	45.8	97.423	10.724	62.358	0.987	0.707	30000.0
31	42.663	94.111	9.282	59.44	0.994	0.724	50000.0
32	43.19	94.182	9.461	60.198	0.995	0.717	30000.0
33	43.262	94.343	9.318	59.519	0.996	0.716	20000.0
34	42.939	95.503	9.25	60.584	1.004	0.711	40000.0
35	42.602	95.036	9.235	59.861	1.006	0.711	20000.0
36	42.266	93.908	9.1	59.204	0.989	0.723	30000.0
37	45.562	96.827	10.576	61.522	0.986	0.711	20000.0
38	42.72	94.437	9.132	59.364	0.993	0.718	40000.0
39	45.444	97.799	10.729	62.744	0.999	0.697	20000.0
40	45.644	96.695	10.742	61.867	0.965	0.708	30000.0
41	42.415	93.622	9.197	59.584	0.989	0.724	20000.0
42	42.571	93.88	9.201	59.691	0.991	0.719	20000.0
43	44.461	95.372	10.256	60.301	0.974	0.722	40000.0
44	42.905	94.136	9.585	61.204	0.991	0.712	30000.0
45	42.486	94.136	9.155	59.19	0.979	0.726	20000.0
46	46.153	96.836	10.687	62.011	0.982	0.703	20000.0
47	45.997	98.633	10.972	62.64	1.013	0.701	40000.0
48	42.68	95.239	9.179	59.862	1.008	0.711	20000.0
49	46.405	97.869	10.696	61.602	0.975	0.71	30000.0
50	43.094	94.478	9.338	59.789	0.994	0.72	20000.0
51	45.616	96.49	10.584	61.211	0.989	0.713	20000.0
52	42.607	95.879	9.222	60.395	1.01	0.708	20000.0
53	42.74	95.343	9.309	60.803	1.022	0.704	40000.0
54	43.75	96.9	9.864	62.498	1.02	0.7	30000.0
55	45.4	96.6	10.547	61.301	0.986	0.714	20000.0
56	43.428	93.839	9.492	59.974	0.987	0.716	20000.0
57	43.331	94.935	9.448	60.835	1.01	0.713	20000.0
58	43.648	96.085	9.574	61.236	1.008	0.704	30000.0
59	42.516	93.682	9.319	60.031	0.982	0.716	20000.0
60	43.05	95.879	9.301	60.616	1.017	0.71	30000.0
61	45.553	97.53	10.54	61.785	1.001	0.707	70000.0
62	41.73	93.897	8.941	58.645	0.998	0.721	30000.0
63	43.673	96.515	9.403	60.404	1.018	0.711	20000.0
64	42.549	93.956	9.266	59.86	0.998	0.721	20000.0
65	42.235	94.031	9.238	59.585	0.996	0.719	20000.0
66	42.217	93.699	9.182	59.585	0.984	0.718	50000.0
67	42.954	94.743	9.371	59.799	0.986	0.719	40000.0
68	42.752	95.061	9.227	60.254	0.999	0.71	40000.0
69	46.423	98.018	10.908	62.121	1.011	0.705	20000.0
70	43.149	96.956	9.471	61.72	1.019	0.703	30000.0
71	42.403	93.479	9.255	59.309	0.983	0.725	40000.0
72	42.215	93.384	9.043	58.441	0.978	0.729	70000.0
73	46.261	97.731	10.846	61.848	0.981	0.71	20000.0
74	42.519	95.078	9.044	60.289	1.014	0.711	40000.0
75	41.756	92.347	9.157	59.217	0.964	0.726	30000.0
76	45.423	97.388	10.685	62.036	1.002	0.701	20000.0
77	43.684	96.927	9.623	61.236	1.005	0.705	20000.0
78	42.299	94.937	9.107	59.937	0.998	0.717	20000.0
79	45.362	97.023	10.582	61.58	0.983	0.706	30000.0
80	45.016	95.806	10.608	61.361	0.976	0.712	30000.0
81	42.727	95.121	9.333	60.08	1.011	0.716	40000.0
82	45.403	96.764	10.564	61.846	0.989	0.705	20000.0
83	42.802	94.91	9.381	59.872	0.986	0.723	60000.0
84	42.671	94.108	9.155	59.115	0.993	0.726	40000.0
85	42.333	94.693	9.16	60.211	1.009	0.711	20000.0
86	42.55	94.351	9.172	59.245	1.002	0.723	50000.0
87	43.646	96.607	9.457	60.678	1.01	0.709	20000.0
88	46.152	97.128	10.94	61.598	0.972	0.715	30000.0
89	42.637	94.225	9.403	60.57	0.986	0.716	30000.0
90	42.808	94.693	9.296	60.223	0.986	0.715	60000.0
91	42.803	95.033	9.304	60.093	1.01	0.713	20000.0
92	43.127	95.333	9.324	60.222	1.01	0.712	20000.0
93	43.108	94.194	9.288	59.625	1.006	0.722	40000.0
94	45.345	95.755	10.635	61.02	0.963	0.715	20000.0
95	42.362	93.758	9.148	59.583	0.988	0.719	20000.0
96	42.586	93.177	9.431	59.458	0.982	0.729	60000.0
97	45.925	97.449	10.829	62.483	0.994	0.704	30000.0
98	43.025	94.53	9.466	60.404	0.994	0.716	20000.0
99	46.165	97.238	10.966	62.223	0.99	0.701	60000.0
100	42.653	95.036	9.186	59.826	1.013	0.719	30000.0
