MutationType	SBS96A	SBS96B	SBS96C	SBS96D	SBS96E	SBS96F	SBS96G	SBS96H	SBS96I
A[C>A]A	3.3392436595391926e-07	7.25243915745466e-05	0.0019187107508514601	0.0028109237525001164	0.001091502912323438	0.0027578929202908852	0.001520897755611315	0.003142450734420805	0.009255867518400152
A[C>A]C	0.0006964950374646151	0.0010284667082645171	0.003224973857143304	0.005947780211617442	0.0017791038417890094	0.003330006529580416	0.004535010331737368	0.0013195522169885342	0.018156280236727298
A[C>A]G	2.2055141297760186e-05	3.203057132409093e-05	0.0006487033530970455	0.0010576494656426405	0.001211253845173097	0.00118138946974725	0.00042103189714936206	0.001753718745453625	0.002078194098765991
A[C>A]T	0.00010714682476006932	0.0024464110131769703	0.006417694696287981	0.008791400697182325	0.002882630857998336	0.0030581041192431256	0.0028750164253159485	0.002976146592863529	0.004532977912170821
A[C>G]A	0.00032566885597052676	0.000147919738357718	0.0005894232159513457	6.362311120749808e-05	0.00044868533149063696	0.0015192728147136237	0.0005239819348874164	0.001645577955576627	0.004454455727828162
A[C>G]C	0.0003349105880908354	0.0005598587528213627	0.004123107982409237	0.0002942150563818657	0.0019369454849613988	0.002580502312890971	0.0012207762833267566	0.004420774630985207	0.0031549399477609087
A[C>G]G	0.000530075233347489	6.35182740128748e-06	0.00021405159702631238	5.803805439796861e-08	0.00022027102740388216	0.0006040895395248925	0.00025643147242881525	0.00044906436160303543	0.0010527983110403482
A[C>G]T	0.00010510775398969496	0.0006929387610100335	0.001065705103606871	1.7346126888551085e-05	0.001560128995723815	0.0032890238331927434	0.0017495722156551353	0.004698214388820343	0.002282289378016191
A[C>T]A	0.009578874813778669	0.004481577488087373	0.0036623110337387745	2.5230372102669206e-09	0.03113056985078117	0.013280466656757181	0.029380352435347278	0.014899826172028839	0.010159609449030285
A[C>T]C	0.0035706534079629646	0.007726829591636033	0.006447599206923194	0.0018184699218344474	0.05252539129932586	0.009479931993498064	0.03461708723360001	0.010341351303422713	0.02193945902676859
A[C>T]G	0.31627434089016787	0.0437559441419697	0.02482280855383527	0.005326227989306855	0.14317586942205765	0.02383644206502538	0.03905582325513365	0.020719712662287934	0.015346861782489327
A[C>T]T	0.0013946797051998772	0.012237958074628068	0.0022994449115014957	0.002002820794441931	0.007425477919216803	0.0049994647590578725	0.009238518541706818	0.005946524131778688	0.00603702074030025
A[T>A]A	0.00027267992831857767	0.00028602590987802045	0.0007361090255094638	0.0001453617930590912	0.0005359041953911258	0.0014513168260047848	0.0009728923553620916	0.001116372731341002	0.002184312458606641
A[T>A]C	4.281906567321414e-05	0.00034264003784140407	0.001542807095973755	4.947250406317494e-07	0.0027641767221817303	0.0028480067843145206	0.002847860631752468	0.008855576924785709	0.01148506452768629
A[T>A]G	0.00021311352774930014	0.0009021298229116326	0.0004544173033578147	0.0006492959350576754	0.0013562506279751574	0.0022060513870329145	0.00021854095257779706	0.002226236658567018	0.0023655375065104066
A[T>A]T	0.00045074002779496385	0.0003572313557518214	0.0033147195755718075	0.0009313631047235305	0.003830563512137104	0.007210255070479974	0.0038588623672598387	0.004507179503090786	0.02302843542111276
A[T>C]A	0.0007045351291957048	0.0025116729453445075	0.006050175361873435	0.0019035501780447106	0.006255764508011055	0.017022447726292286	0.0023151816625397712	0.012710186296973234	0.025993050764765116
A[T>C]C	0.00019205343835032807	0.0010192511617567136	0.012348488088258024	0.002104460669046375	0.013617760334061303	0.02121956094450013	0.006616762094215289	0.029580251758720966	0.016646051197401448
A[T>C]G	0.002032350487341397	0.0049575449635443644	0.009400090344254153	0.00020359028933512492	0.017240620789890308	0.06303897067126683	0.039727165764430764	0.05086061201566707	0.0057199425579997866
A[T>C]T	0.0008832859674146931	0.0010978672655690502	0.0030275798356240104	0.002134261723065265	0.0067879780807937	0.004555720787756172	0.002071887633685794	0.00876940718115641	0.00721810813093434
A[T>G]A	1.3431125115204167e-06	7.454205091736554e-05	0.00043735272754509503	0.0026761693823573298	0.00018114161099063608	0.00026414023603919644	4.4759125186644153e-07	0.00020869798221951897	0.0003709114109992573
A[T>G]C	6.60470807125435e-05	0.000315133743737519	0.0003957985783320339	0.0020553384635394424	0.0007538929074362377	0.0012360678159757299	0.0008104363824251237	0.0027200882608700567	0.0014680803502924533
A[T>G]G	0.0004503948802422286	0.00017628980846915	0.0010327080117449583	0.002211690858559448	0.0009567664422380773	0.0006156267104478275	0.00047692552722551797	0.0028935449407903957	0.0025666701293827997
A[T>G]T	0.0002515749399539757	0.0004041535961713401	0.003003567353854753	0.02609749810694211	0.0016022301730838607	0.0014505731759032869	0.0004016248901309893	0.0005200050164163539	0.0012275075806701529
C[C>A]A	2.501293426604434e-07	0.004566795706396078	0.004531238589315194	0.0004371056000596241	0.0068588147877109784	0.012816696804958666	0.020031203208554872	0.0023645529442015345	0.031987241088674095
C[C>A]C	0.0024901043372157973	0.00475400603443191	0.0059054190692264565	0.00017686950843534888	0.028618298183080242	0.02424987668458499	0.020601660576024444	0.01277923184526694	0.05286494239333973
C[C>A]G	0.0001981219210131968	0.0014259347895760755	0.0012423704358548093	3.702772961133931e-08	0.009719192764967417	0.020079893830462367	0.019332342966693367	0.014197722999251993	0.0067549320464662796
C[C>A]T	0.0024966733136832886	0.010427353883217383	0.011508712036055045	0.005464186139952858	0.019098294515347617	0.01933747290093436	0.33080974871758373	0.007647830034113241	0.012716078983023635
C[C>G]A	0.00012883113485175456	4.187153365314167e-05	0.00013766985238675033	1.0960373938218026e-07	0.00043053020883625947	0.0008372646152906782	0.00012688700618216587	0.0006421567013149598	0.0007812224256261579
C[C>G]C	2.7786515961558676e-05	1.8410730138462838e-05	9.132818215449313e-05	7.957736393393589e-08	0.00035771126256151754	0.0006254456803279703	0.00019525008267857303	0.000301134935351719	0.0002388610095007948
C[C>G]G	0.00036015371699125607	0.00025171248821175495	0.0003251206851077271	4.1537835184790595e-08	0.0008775891731266938	0.0011918567157919746	0.00026142995462645756	0.0015519918034504387	0.00042588055110968524
C[C>G]T	8.728235697802233e-05	0.0001293962947298155	0.00043510068874958564	0.0025161416070761788	0.0006854535110914384	0.0004419029681324638	0.0011700422347758633	0.0005460254574027345	0.00048770939017167336
C[C>T]A	0.00041616144023493007	0.003022845735775945	0.003413294180574343	0.00033346689806190266	0.01391857364962283	0.003491998476563509	0.015145715924351464	0.0054917041274944725	0.0325568222112463
C[C>T]C	0.000570212274058548	0.009502698873948532	0.0036677173740889656	0.0009875199106966907	0.014115807600307733	0.012879987231289646	0.026745119300894942	0.009575919187592027	0.016426618007700428
C[C>T]G	0.3225727496889715	0.003941268574402897	0.017148027469922163	5.1947022523108896e-05	0.012250293443150326	0.1812106641859424	0.026779666363185014	0.0087051159266271	0.024150077665288202
C[C>T]T	0.0009012288461977036	0.010945043796277752	0.0022645484356521627	0.0017494828949205755	0.018793301686523593	0.008931122127036702	0.010984040927801288	0.0020793508931867422	0.006147227763377572
C[T>A]A	0.00020615033131043958	0.0001489624251662569	0.0005870439377967074	0.00012288318816811055	0.001015104389151631	0.0003444842469461395	0.0005860675451701525	0.00016644270541590344	0.00037232111645167263
C[T>A]C	0.00018283472143919787	0.0009371195428505885	0.0015142334590309758	0.0004590233440505642	0.0029183436597071833	0.002279666324314711	0.0050831816480010165	0.0029482559815769706	0.010189895868184352
C[T>A]G	0.00017149559249867607	0.0010083873922654618	0.0011558077709719506	0.000298426416001476	0.0017653607797620907	0.006282774338015571	0.0007246222560106296	0.011058162324949307	0.003332128738200808
C[T>A]T	0.0002676963536329424	0.000759611124223234	0.0015426143362502387	6.840183605499205e-05	0.0024370504870214306	0.0016608016133421444	0.0011219245359969142	0.002246817105509962	0.010286104742661735
C[T>C]A	0.00020715302981372474	0.0009554212828480501	0.005948146655534118	8.098295266606214e-05	0.005857179678371516	0.01090657518930783	0.007684054119004457	0.01716723155518835	0.014294178401677406
C[T>C]C	0.0011887564181338917	0.003931256918983621	0.00680141179178662	0.0005182686566620731	0.01261532663518274	0.009746913705421321	0.0070564044552548924	0.031234161758451364	0.017956283813490605
C[T>C]G	0.0010799000626738576	4.200452683424584e-05	0.006366552446875886	1.5563087349690364e-05	0.013726944074269588	0.12465869483171046	0.02293217078939101	0.07578063563014496	0.017037581924487313
C[T>C]T	9.295799337394328e-07	0.0009913438561050469	0.004479092619358554	0.000564134249868815	0.006325568800527464	0.009832667315904757	0.010256623023620648	0.017009435631676978	0.018160818402985796
C[T>G]A	5.225462835486638e-05	8.638229514481565e-06	0.00014363821738371029	0.0028771466011383497	0.00019318130054870152	0.0005180259087685358	0.00029147449262939995	0.0003576616575474056	0.00038169565866830624
C[T>G]C	0.00032905155497150676	0.000697654026640393	0.003777900874221167	0.0003023111011633262	0.003826496821855585	0.009640855497621316	0.005172102651040333	0.011469802284449031	0.008023068244381405
C[T>G]G	0.0010633711829715954	0.000864289279813022	0.0065971036542720185	0.0030422587013670464	0.0060989821417828695	0.004959220845787015	0.013070146162009593	0.011119529295091296	0.009109459925117207
C[T>G]T	0.0010510343187385728	0.005599076391182792	0.007533204582084232	0.01677178780398435	0.007002813897969418	0.010373380113001644	0.010307280902279671	0.0038263191020541853	0.008217218007907024
G[C>A]A	2.9281661339073142e-06	0.0004913977866718255	0.0011568147326011058	0.0025653069306460453	0.0015377442444088273	0.0037236050301948966	0.002148449863098776	0.001743996774735308	0.015777985905760374
G[C>A]C	0.0003315509638449754	0.003260543417619921	0.004504321777527167	0.004329230581984031	0.006586960204494687	0.005191995564983589	0.0030501753222151253	0.0017256731622023835	0.05463082295122773
G[C>A]G	0.0004195808815017088	0.000517833751079948	0.0018478136957049073	4.478503578653203e-08	0.0025329478546252913	0.002336080006290615	0.0020828130572974144	0.0038909187997305137	0.010093565873421043
G[C>A]T	3.870811244155448e-07	0.019523125380860904	0.003350538695668206	0.008147696641000266	0.012717867603035416	0.0022843635828888862	0.017725282435746833	0.005403896718815133	0.050850135712697975
G[C>G]A	4.5026613584340237e-05	1.403067743634523e-05	0.0006106761029853302	6.068784132356342e-05	0.0005843321556400837	0.0012309680208777785	0.0006506479615481098	0.000739089757338931	0.00214382632566533
G[C>G]C	0.0002241641836564412	0.0006092412560239779	0.001108627384491828	0.0012933130172129693	0.004154329560488095	0.009829985448451586	0.00491169632064711	0.004519076759403333	0.01742866637224594
G[C>G]G	0.00034820481094790525	0.0005695345260872919	0.0006658813290504994	2.835554485880465e-08	0.00036372444337189335	0.0010993729162507048	0.00035072291582260106	0.0007135073535070546	0.0011658622838099575
G[C>G]T	0.0015680676990587018	8.673170339297265e-05	0.00035867487874213566	3.098902976006457e-08	0.0025209574072398767	0.0047614084604281	0.0015426893600317016	0.0013740554679596074	0.0020081600418929923
G[C>T]A	0.009777874566852631	0.011700657128060782	0.013347393796967935	9.299358586460471e-05	0.061192300781443124	0.05987348108008625	0.03318361179722476	0.0052144498990881515	0.06369587680359132
G[C>T]C	0.005251597327426225	0.14056767409513668	0.017942619027717228	0.010165727459478831	0.16387076149482538	0.04266275233581382	0.03288660917217385	0.017937657292115432	0.014806756437930063
G[C>T]G	0.2487811754241951	0.5300515279173851	0.045785039770895535	0.0034259886068011267	0.057095811377682354	0.03690601914052203	0.01738575776825366	0.010779038752458519	0.006482645377611789
G[C>T]T	0.0001944708623992142	0.05438322395225896	0.019976216219728258	0.009752324991184195	0.05153880458448725	0.007512222317727844	0.00982506355477921	0.02320140090761754	0.010005803484462205
G[T>A]A	0.00011317714291509518	4.3614085035414975e-05	0.00017456779554663626	0.00021424158266632353	0.0005488670544113283	0.0010763870022209687	0.00040395124828521037	0.000493421089681334	0.0029243317771874898
G[T>A]C	0.0009565129922147264	0.0013242005898756303	0.0018232570766495825	0.00037907278189579506	0.002268629144394545	0.004538277769785282	0.0014774035917551843	0.004277650187032194	0.007634209652463824
G[T>A]G	7.695957109064011e-06	0.0017690019818377323	0.002683462866050963	2.7137059710469202e-08	0.0032203995280914556	0.017206573011201272	0.00972302575165763	0.012617702071549814	0.03585805786034655
G[T>A]T	0.00019490041376512223	0.001558076943876614	0.0011455046387860968	0.00012492393767479015	0.0008939348761332155	0.003383061568116261	0.0031755725459131235	0.0020700201503962034	0.003845244862981977
G[T>C]A	0.00021317714230235653	0.003985092780439174	0.010564018937507294	0.005809059113025228	0.014788347915562668	0.02322089024464951	0.00941808267197331	0.1679258749075234	0.004396292640229268
G[T>C]C	2.4819424169209014e-08	0.016394830174215325	0.02654518306801947	0.004966192931656224	0.01785534974001308	0.010300964069163088	0.0032024183256292578	0.04470816390032724	0.01196583512678174
G[T>C]G	0.0023668130305514266	0.0035258270819711157	0.007766827875727813	0.0019149798364037497	0.008026916191319771	0.02843585793014739	0.017019271150603577	0.0868597151830585	0.03405459956750121
G[T>C]T	0.00022730118879557893	0.0014667852451214004	0.008734966565063665	0.006435593715080757	0.007212863344251446	0.003907778801600443	0.008113353228303026	0.03923506871148106	0.009301173672218254
G[T>G]A	0.00018072861659284455	0.00021941212418028044	0.00028348015061798295	0.002041766906932452	4.418771392540321e-05	9.063492854775035e-06	4.514330209310913e-06	2.2147361326361192e-05	0.0004255409817076128
G[T>G]C	0.0005219254288435593	0.0003592379030631676	0.0024300285653956165	0.0038191000275674012	0.0013547611814281168	0.001188100801171892	0.0008530869433899113	0.0028793731103537823	0.0007576089574651235
G[T>G]G	3.165451569842048e-07	0.000488931728353208	0.00181246103118653	0.001533024228716009	0.001997872129031677	0.003813910278105617	0.001453499981367301	0.006088555712739217	0.003441867105475751
G[T>G]T	5.582437661015409e-05	0.0014557114557972285	0.008382262969208777	0.0038959856778335933	0.003781541027921236	0.004380944835770748	0.0025289981280357666	0.0034362015876067175	0.004228920355385984
T[C>A]A	2.421859798857895e-06	0.00012110092395788641	0.0009032969279747439	0.07969365779310465	0.0002830132365908611	2.7280620224128666e-06	4.186340273374387e-06	5.636400248576479e-06	0.007582187799606288
T[C>A]C	0.00042719866920528206	0.0022132375784502008	0.0038390140585636344	0.005635399661189808	0.0020446331883603366	0.004493625034376326	0.00962289088344079	0.0005629973474515993	0.014676475784361643
T[C>A]G	9.001170644834983e-05	0.00018967202411439236	0.0008195838169197245	0.003417373329007205	0.0008902014503151178	0.0014168369972013116	0.00024315516894489518	0.0015512304654335196	0.011298731261558715
T[C>A]T	2.133271321369534e-07	1.188776642141082e-06	1.9604729292836964e-05	0.4634866186976433	0.0023862862637757253	1.0963935934602452e-06	2.293112436433376e-06	9.088874247039338e-07	4.923797151406006e-06
T[C>G]A	5.515841768186647e-06	0.00043843805141369386	0.000334325267649227	3.8887280756370045e-05	0.0007628590252311441	0.0006090272524546059	0.0006547597946988759	0.0006511854696419971	0.0008368358621534355
T[C>G]C	0.0002920542651797575	0.0003557900314014795	9.849421043462315e-05	0.0003720603616987006	0.0004365317828080961	0.0006281635259364649	0.0005746909478916962	0.0005402666234514152	0.0005355909907024881
T[C>G]G	5.8029311215523905e-06	5.687405478255414e-05	0.00011323953018404608	1.0444899855244216e-07	0.0003010387184607666	0.0005606201639652575	0.00023191451067347657	0.00039194609660206934	0.00039286289924945095
T[C>G]T	0.0009947528330833677	9.363279919327283e-05	0.0006964626929072537	0.00031079646464322153	0.0011029560578168685	0.0015082775011040894	0.0010914423276698671	0.0016010495990893857	0.006882724300983796
T[C>T]A	0.00038742345358613764	0.00688908659766696	0.00612309300824098	0.004123184433595952	0.010933003353015778	0.006452447204875398	0.009049649532240238	0.003592424773003131	0.008842611409169763
T[C>T]C	0.000740495796047711	0.025290456141125687	0.031734442173362826	0.011088569583584373	0.013852429289328576	0.0009673076520753909	0.0009092080833511318	0.004562345425487311	0.008083757281159802
T[C>T]G	0.04895207882490283	0.00273088799290835	0.5378625638556332	0.10047948473161952	0.004608917656898286	0.0005632889766251381	0.0011107103129432971	0.000251627835184538	0.000591711299114479
T[C>T]T	0.0001403437312055189	0.006298917149097605	0.014690490064089368	0.03226815173344221	0.006384059930371677	0.003041936865886221	0.0026594420833683328	0.002402013458787735	0.013877899114713693
T[T>A]A	0.0002555018548753907	4.345916907567471e-05	0.000684834178912559	5.060516353516675e-08	0.0007124197110910657	0.002207072768040508	0.00034496427997897426	0.0023909284717175796	0.003235165420262618
T[T>A]C	2.4642501232747804e-05	0.0003463274083809864	0.0006111278818085175	0.0002978447937048934	0.0011504424132876777	0.0015147419031520926	0.0008623147066110448	0.0023379780564184573	0.002959035411330433
T[T>A]G	1.4777315642042766e-05	8.255097957526658e-05	0.0003000253611973137	0.0006545550409781242	0.00018086307382816357	0.0005849179720515884	0.0006638438809178381	0.0008276059208278852	0.0021006092387543165
T[T>A]T	8.369787501962378e-05	0.0005909500969281112	0.001440625079992046	0.0015020224448326757	0.001857276057971795	0.0007519046004718177	0.0012588751896645523	4.7828862200152145e-05	0.003076745929962854
T[T>C]A	0.0002225718804051091	0.0024301771839251173	0.004299112097505197	0.00011126370715842881	0.0092126164106544	0.005016325514773854	0.007939772407958401	0.019273141722202076	0.005033677475135008
T[T>C]C	1.3464396772633336e-07	0.0038342097264141726	0.005322161590310372	0.002791759227940496	0.010331097416818435	0.004264625245948537	0.016415898580640943	0.01622486598666476	0.005113241372001483
T[T>C]G	0.0006697939265167463	0.0010770847382850946	0.006203550676279974	0.001046120921607141	0.006133107934753639	0.006978548399789446	0.01786807429574921	0.03352743018167246	0.018978296436044387
T[T>C]T	0.00028933419629467494	0.0009395363552033586	0.003549137121244179	0.004456245074920844	0.005954396677912363	0.005601314414010773	0.0015530453157577995	0.008957795118821135	0.012968615768093912
T[T>G]A	1.1900667591646652e-06	1.4209349401994586e-06	7.611130114440812e-05	0.009208178918343038	0.00017953887966939419	0.00010097129906640134	1.520571318662789e-06	0.00012461374891451272	9.922822568194655e-05
T[T>G]C	1.0593639009348621e-05	0.0005711479738089764	0.0019936594301114496	0.006058247421883323	0.0008770919590673998	0.002332744758950014	0.0008287499301546309	0.002353386521902223	0.002135923315336754
T[T>G]G	5.382704214540013e-05	0.00034932632889745464	0.0009251195481668439	0.0002202209964154557	0.0008423779426438927	0.0011924585874091066	0.00080882938787056	0.0024145832082072614	0.0010603694107410887
T[T>G]T	7.300239859375779e-07	8.38934088912069e-05	6.364202013132925e-05	0.09569009130820633	0.0011155292484865981	1.3968520802620787e-06	8.121583045906462e-07	1.2894038463517887e-06	8.616431904168574e-05
