MutationType	SBS96A	SBS96B	SBS96C	SBS96D	SBS96E	SBS96F	SBS96G	SBS96H	SBS96I
A[C>A]A	6.91E-08	4.26E-05	5.77E-04	1.75E-04	3.68E-04	5.75E-04	4.26E-04	5.70E-04	1.29E-03
A[C>A]C	1.73E-04	3.08E-04	5.09E-04	3.65E-04	4.96E-04	7.15E-04	7.24E-04	4.35E-04	2.15E-03
A[C>A]G	1.49E-05	2.00E-05	1.51E-04	1.00E-04	2.41E-04	2.73E-04	1.18E-04	2.88E-04	3.64E-04
A[C>A]T	5.30E-05	5.50E-04	9.35E-04	3.93E-04	6.92E-04	6.61E-04	6.51E-04	7.42E-04	1.16E-03
A[C>G]A	6.30E-05	7.28E-05	1.81E-04	2.31E-05	1.49E-04	2.79E-04	2.04E-04	2.87E-04	5.37E-04
A[C>G]C	8.31E-05	1.81E-04	6.81E-04	7.58E-05	4.36E-04	4.82E-04	3.52E-04	7.96E-04	6.38E-04
A[C>G]G	6.96E-05	6.20E-06	8.50E-05	8.68E-09	6.64E-05	1.27E-04	1.00E-04	1.01E-04	2.27E-04
A[C>G]T	5.11E-05	2.38E-04	3.65E-04	1.03E-05	4.51E-04	5.53E-04	3.81E-04	6.17E-04	5.39E-04
A[C>T]A	1.07E-03	9.46E-04	1.88E-03	2.52E-09	4.15E-03	2.58E-03	3.87E-03	2.83E-03	1.62E-03
A[C>T]C	8.25E-04	1.67E-03	2.32E-03	2.58E-04	6.53E-03	2.77E-03	5.14E-03	2.30E-03	5.63E-03
A[C>T]G	1.06E-02	6.03E-03	4.81E-03	6.15E-04	1.56E-02	5.17E-03	7.11E-03	4.37E-03	4.79E-03
A[C>T]T	3.08E-04	1.28E-03	7.60E-04	1.94E-04	1.34E-03	1.13E-03	1.52E-03	1.29E-03	1.79E-03
A[T>A]A	4.84E-05	8.31E-05	1.38E-04	3.42E-05	1.84E-04	2.51E-04	2.19E-04	1.99E-04	3.51E-04
A[T>A]C	4.06E-05	3.31E-04	5.32E-04	3.81E-07	7.78E-04	6.26E-04	7.10E-04	1.14E-03	1.72E-03
A[T>A]G	6.98E-05	1.87E-04	1.75E-04	6.64E-05	3.30E-04	3.75E-04	8.71E-05	3.78E-04	5.52E-04
A[T>A]T	1.99E-04	1.01E-04	1.41E-03	1.58E-04	8.11E-04	1.18E-03	8.71E-04	8.59E-04	2.67E-03
A[T>C]A	2.37E-04	7.63E-04	1.75E-03	2.00E-04	1.66E-03	2.38E-03	7.88E-04	1.88E-03	3.57E-03
A[T>C]C	9.67E-05	3.44E-04	2.90E-03	2.64E-04	3.12E-03	3.48E-03	1.96E-03	3.81E-03	3.65E-03
A[T>C]G	5.22E-04	1.88E-03	4.57E-03	5.67E-05	4.33E-03	7.69E-03	4.95E-03	5.97E-03	2.89E-03
A[T>C]T	1.96E-04	3.11E-04	9.34E-04	1.57E-04	1.29E-03	1.05E-03	6.99E-04	1.25E-03	1.41E-03
A[T>G]A	4.97E-07	3.38E-05	1.01E-04	1.27E-04	5.95E-05	8.56E-05	1.15E-07	6.06E-05	1.11E-04
A[T>G]C	4.45E-05	9.78E-05	2.23E-04	1.38E-04	1.97E-04	2.71E-04	2.53E-04	3.72E-04	3.79E-04
A[T>G]G	8.21E-05	9.12E-05	2.66E-04	1.56E-04	2.66E-04	1.84E-04	1.10E-04	4.09E-04	5.39E-04
A[T>G]T	9.80E-05	1.56E-04	5.48E-04	7.91E-04	6.09E-04	3.19E-04	1.61E-04	1.64E-04	4.21E-04
C[C>A]A	8.86E-08	1.20E-03	1.73E-03	7.86E-05	1.42E-03	2.00E-03	2.47E-03	7.74E-04	3.65E-03
C[C>A]C	5.87E-04	1.67E-03	2.34E-03	7.40E-05	4.68E-03	4.48E-03	3.56E-03	3.23E-03	7.73E-03
C[C>A]G	1.01E-04	7.81E-04	8.60E-04	1.10E-08	1.87E-03	2.69E-03	2.36E-03	2.16E-03	1.78E-03
C[C>A]T	7.54E-04	2.89E-03	2.17E-03	5.94E-04	4.23E-03	4.19E-03	1.25E-02	2.40E-03	3.50E-03
C[C>G]A	3.10E-05	1.83E-05	7.45E-05	1.42E-08	1.22E-04	1.42E-04	7.80E-05	1.45E-04	2.07E-04
C[C>G]C	1.51E-05	1.21E-05	4.27E-05	1.05E-08	1.02E-04	1.10E-04	4.92E-05	6.52E-05	8.85E-05
C[C>G]G	7.85E-05	9.05E-05	1.29E-04	6.96E-09	1.78E-04	2.13E-04	1.06E-04	2.53E-04	1.63E-04
C[C>G]T	2.86E-05	5.55E-05	1.39E-04	1.45E-04	1.42E-04	1.24E-04	1.89E-04	1.54E-04	1.71E-04
C[C>T]A	2.27E-04	1.03E-03	1.17E-03	6.90E-05	2.46E-03	9.54E-04	2.49E-03	1.56E-03	4.18E-03
C[C>T]C	2.06E-04	1.71E-03	1.77E-03	1.57E-04	2.76E-03	2.33E-03	3.20E-03	2.50E-03	3.59E-03
C[C>T]G	1.21E-02	1.32E-03	6.22E-03	3.10E-05	3.17E-03	1.82E-02	5.24E-03	2.70E-03	4.82E-03
C[C>T]T	2.38E-04	1.27E-03	9.49E-04	1.78E-04	2.48E-03	1.56E-03	1.88E-03	7.11E-04	1.62E-03
C[T>A]A	5.04E-05	5.20E-05	1.41E-04	2.72E-05	1.63E-04	1.04E-04	1.38E-04	5.81E-05	1.33E-04
C[T>A]C	6.99E-05	3.24E-04	4.92E-04	6.73E-05	6.15E-04	6.02E-04	6.94E-04	7.08E-04	1.37E-03
C[T>A]G	6.28E-05	1.86E-04	4.82E-04	4.74E-05	5.16E-04	8.76E-04	2.75E-04	1.08E-03	7.17E-04
C[T>A]T	9.68E-05	2.43E-04	6.32E-04	3.48E-05	5.13E-04	3.94E-04	3.25E-04	4.58E-04	1.07E-03
C[T>C]A	9.61E-05	2.78E-04	1.81E-03	2.85E-05	1.48E-03	1.87E-03	1.48E-03	2.32E-03	2.39E-03
C[T>C]C	2.80E-04	8.09E-04	2.23E-03	9.55E-05	2.26E-03	1.92E-03	1.87E-03	3.48E-03	3.26E-03
C[T>C]G	8.54E-04	4.09E-05	3.40E-03	1.54E-05	4.55E-03	1.18E-02	5.16E-03	9.27E-03	5.77E-03
C[T>C]T	3.61E-07	8.17E-04	1.46E-03	1.00E-04	1.55E-03	1.70E-03	1.73E-03	2.34E-03	2.29E-03
C[T>G]A	2.10E-05	8.15E-06	8.57E-05	1.36E-04	6.66E-05	8.91E-05	7.45E-05	9.29E-05	1.33E-04
C[T>G]C	1.47E-04	2.83E-04	1.23E-03	5.42E-05	1.14E-03	1.65E-03	1.18E-03	1.65E-03	1.88E-03
C[T>G]G	2.83E-04	4.22E-04	1.62E-03	2.70E-04	1.57E-03	1.11E-03	1.65E-03	1.74E-03	2.28E-03
C[T>G]T	2.66E-04	1.35E-03	1.57E-03	6.36E-04	1.80E-03	1.84E-03	1.42E-03	1.00E-03	1.69E-03
G[C>A]A	1.90E-06	2.35E-04	3.96E-04	1.98E-04	4.91E-04	7.17E-04	5.16E-04	5.04E-04	1.65E-03
G[C>A]C	1.19E-04	7.02E-04	2.37E-03	4.48E-04	1.68E-03	1.62E-03	1.09E-03	1.05E-03	4.61E-03
G[C>A]G	1.42E-04	2.70E-04	6.38E-04	2.57E-08	7.26E-04	5.72E-04	5.50E-04	6.89E-04	1.30E-03
G[C>A]T	2.73E-07	2.59E-03	2.65E-03	5.27E-04	2.62E-03	1.16E-03	3.24E-03	1.73E-03	6.12E-03
G[C>G]A	2.53E-05	1.34E-05	1.49E-04	1.72E-05	1.64E-04	1.92E-04	1.38E-04	1.98E-04	3.20E-04
G[C>G]C	1.02E-04	4.21E-04	5.51E-04	1.23E-04	9.48E-04	1.49E-03	9.84E-04	1.06E-03	2.22E-03
G[C>G]G	6.54E-05	1.17E-04	2.41E-04	7.28E-09	1.17E-04	2.30E-04	1.33E-04	2.03E-04	2.42E-04
G[C>G]T	2.28E-04	5.24E-05	2.80E-04	6.01E-09	5.06E-04	6.52E-04	3.38E-04	4.16E-04	4.54E-04
G[C>T]A	1.93E-03	2.02E-03	5.05E-03	4.72E-05	8.01E-03	8.71E-03	5.59E-03	1.59E-03	9.27E-03
G[C>T]C	1.33E-03	9.23E-03	4.07E-03	8.64E-04	1.32E-02	5.83E-03	5.30E-03	4.10E-03	3.06E-03
G[C>T]G	1.32E-02	1.75E-02	4.59E-03	9.05E-04	9.69E-03	8.05E-03	4.82E-03	2.97E-03	2.38E-03
G[C>T]T	1.53E-04	4.76E-03	5.35E-03	7.25E-04	6.95E-03	2.98E-03	2.40E-03	3.58E-03	2.77E-03
G[T>A]A	2.52E-05	2.91E-05	7.65E-05	8.70E-05	1.42E-04	1.97E-04	1.17E-04	1.22E-04	3.67E-04
G[T>A]C	2.36E-04	3.00E-04	5.09E-04	6.53E-05	5.14E-04	7.13E-04	4.64E-04	6.91E-04	1.23E-03
G[T>A]G	7.42E-06	1.02E-03	1.30E-03	1.04E-08	1.03E-03	2.42E-03	1.76E-03	2.23E-03	4.21E-03
G[T>A]T	7.60E-05	3.81E-04	3.42E-04	3.28E-05	3.24E-04	5.64E-04	5.02E-04	4.60E-04	8.14E-04
G[T>C]A	2.13E-04	1.33E-03	2.65E-03	3.73E-04	2.81E-03	3.92E-03	2.24E-03	7.36E-03	1.90E-03
G[T>C]C	1.57E-08	2.07E-03	3.56E-03	5.89E-04	4.18E-03	2.22E-03	1.37E-03	4.56E-03	3.15E-03
G[T>C]G	5.45E-04	8.63E-04	3.20E-03	2.31E-04	3.10E-03	4.93E-03	2.94E-03	7.54E-03	5.66E-03
G[T>C]T	9.28E-05	5.59E-04	2.31E-03	3.42E-04	1.55E-03	1.02E-03	1.87E-03	3.25E-03	2.37E-03
G[T>G]A	2.96E-05	4.60E-05	1.11E-04	1.21E-04	1.99E-05	6.28E-06	4.21E-06	2.19E-05	1.52E-04
G[T>G]C	8.68E-05	1.22E-04	4.23E-04	2.13E-04	2.87E-04	3.05E-04	2.20E-04	4.46E-04	2.33E-04
G[T>G]G	1.23E-07	2.29E-04	4.98E-04	1.32E-04	6.16E-04	6.30E-04	4.33E-04	8.19E-04	8.22E-04
G[T>G]T	5.57E-05	4.61E-04	1.08E-03	3.72E-04	9.49E-04	8.37E-04	5.80E-04	7.53E-04	1.39E-03
T[C>A]A	1.90E-07	1.21E-04	7.02E-04	1.90E-03	2.82E-04	3.03E-07	5.71E-07	1.67E-06	2.13E-03
T[C>A]C	1.51E-04	7.59E-04	8.30E-04	3.65E-04	7.81E-04	9.64E-04	1.30E-03	1.90E-04	2.24E-03
T[C>A]G	3.88E-05	1.16E-04	4.79E-04	2.42E-04	3.02E-04	3.68E-04	1.32E-04	4.03E-04	1.11E-03
T[C>A]T	4.41E-08	1.41E-07	1.53E-05	9.65E-03	2.38E-03	1.34E-07	2.26E-07	1.17E-07	6.49E-07
T[C>G]A	5.11E-06	9.01E-05	1.41E-04	1.45E-05	1.56E-04	1.46E-04	1.49E-04	1.70E-04	1.94E-04
T[C>G]C	4.84E-05	8.14E-05	4.50E-05	4.69E-05	1.13E-04	1.64E-04	1.45E-04	1.35E-04	1.71E-04
T[C>G]G	4.55E-06	3.91E-05	5.76E-05	1.24E-08	7.60E-05	1.11E-04	5.95E-05	8.96E-05	1.05E-04
T[C>G]T	1.91E-04	5.07E-05	4.16E-04	5.04E-05	2.60E-04	3.51E-04	2.65E-04	4.20E-04	8.38E-04
T[C>T]A	2.19E-04	1.05E-03	1.41E-03	3.04E-04	1.64E-03	1.56E-03	1.74E-03	1.47E-03	1.91E-03
T[C>T]C	2.36E-04	2.50E-03	3.14E-03	1.04E-03	3.20E-03	4.37E-04	5.03E-04	1.30E-03	2.99E-03
T[C>T]G	7.74E-03	2.35E-03	3.36E-02	1.47E-02	3.01E-03	4.58E-04	6.60E-04	1.79E-04	4.38E-04
T[C>T]T	9.05E-05	1.21E-03	2.26E-03	1.29E-03	1.45E-03	9.17E-04	9.49E-04	7.33E-04	2.79E-03
T[T>A]A	5.72E-05	4.33E-05	2.62E-04	8.64E-09	2.50E-04	3.32E-04	1.54E-04	3.99E-04	5.56E-04
T[T>A]C	2.44E-05	1.49E-04	2.18E-04	4.28E-05	2.52E-04	3.31E-04	2.16E-04	3.34E-04	5.54E-04
T[T>A]G	1.40E-05	3.64E-05	1.01E-04	6.71E-05	7.51E-05	1.30E-04	1.38E-04	1.56E-04	3.80E-04
T[T>A]T	4.59E-05	1.30E-04	2.39E-04	1.52E-04	2.92E-04	2.43E-04	3.15E-04	2.22E-05	5.87E-04
T[T>C]A	9.28E-05	5.22E-04	1.21E-03	3.85E-05	1.55E-03	1.16E-03	1.38E-03	2.01E-03	1.46E-03
T[T>C]C	5.04E-08	9.60E-04	1.80E-03	2.27E-04	1.72E-03	1.03E-03	2.25E-03	2.43E-03	1.53E-03
T[T>C]G	2.25E-04	4.97E-04	2.21E-03	1.54E-04	1.53E-03	1.64E-03	2.77E-03	3.59E-03	2.98E-03
T[T>C]T	2.03E-04	3.43E-04	8.86E-04	2.83E-04	1.20E-03	1.23E-03	4.74E-04	1.34E-03	2.06E-03
T[T>G]A	9.82E-08	2.63E-07	4.26E-05	3.04E-04	1.46E-04	4.83E-05	3.05E-07	4.89E-05	4.70E-05
T[T>G]C	7.06E-06	2.61E-04	4.71E-04	3.46E-04	3.18E-04	4.48E-04	2.53E-04	3.90E-04	5.13E-04
T[T>G]G	2.36E-05	1.46E-04	2.53E-04	4.18E-05	2.35E-04	2.42E-04	2.05E-04	3.83E-04	2.78E-04
T[T>G]T	6.89E-08	7.05E-05	5.62E-05	2.21E-03	1.10E-03	1.42E-07	1.17E-07	1.07E-07	5.97E-05
