Samples	SBS96A	SBS96B	SBS96C	SBS96D
P-0000862-T01-IM3	11	10	14	0
P-0001020-T01-IM3	6	9	3	0
P-0001237-T02-IM6	29	7	12	0
P-0001685-T02-IM3	31	0	14	0
P-0002463-T01-IM3	6	23	7	5
P-0002671-T01-IM3	9	4	37	1
P-0003209-T01-IM5	63	0	0	0
P-0003796-T01-IM5	2	16	0	0
P-0004011-T01-IM5	28	17	0	5
P-0004051-T01-IM5	4	34	2	2
P-0004083-T01-IM5	6	0	6	0
P-0004362-T01-IM5	37	0	15	0
P-0004602-T01-IM5	27	8	1	5
P-0004738-T01-IM5	14	30	21	1
P-0004754-T01-IM5	30	25	1	0
P-0004783-T01-IM5	8	30	0	0
P-0004865-T01-IM5	0	0	7	140
P-0005151-T01-IM5	20	12	20	0
P-0005197-T01-IM5	29	0	10	2
P-0005230-T01-IM5	44	0	18	2
P-0005326-T01-IM5	20	0	26	4
P-0005443-T01-IM5	13	14	1	0
P-0005455-T01-IM5	21	0	15	2
P-0005529-T01-IM5	12	1	10	1
P-0005548-T01-IM5	35	20	0	6
P-0005560-T01-IM5	17	2	10	4
P-0005823-T01-IM5	39	2	20	1
P-0005824-T01-IM5	0	14	3	330
P-0005987-T01-IM5	1	12	7	2
P-0006170-T01-IM5	15	3	19	2
P-0006207-T01-IM5	12	7	21	0
P-0006365-T01-IM5	10	3	12	4
P-0006612-T01-IM5	53	0	0	308
P-0006753-T01-IM5	5	19	5	2
P-0006960-T01-IM5	35	196	16	100
P-0007055-T01-IM5	14	6	14	2
P-0007147-T01-IM5	34	29	47	9
P-0007296-T01-IM5	22	17	16	0
P-0007596-T01-IM5	14	30	0	0
P-0007688-T01-IM5	11	11	11	3
P-0007739-T01-IM5	1	16	4	0
P-0007831-T01-IM5	9	17	3	5
P-0007836-T01-IM5	35	0	11	0
P-0007843-T01-IM5	8	12	6	0
P-0007882-T01-IM5	7	25	0	0
P-0007997-T01-IM5	4	22	6	0
P-0008180-T01-IM5	18	25	9	0
P-0008226-T02-IM5	18	3	13	6
P-0008317-T01-IM5	36	0	3	0
P-0008504-T03-IM6	5	5	53	4
P-0008721-T01-IM5	15	16	21	2
P-0008729-T01-IM5	12	9	10	5
P-0008745-T01-IM5	15	7	0	0
P-0008746-T01-IM5	16	10	8	2
P-0009157-T01-IM5	4	13	8	1
P-0009830-T01-IM5	8	2	16	1
P-0009964-T01-IM5	7	1	14	2
P-0010167-T01-IM5	4	12	7	0
P-0010275-T01-IM5	18	23	0	0
P-0010308-T01-IM5	7	2	12	2
P-0010499-T01-IM5	11	2	18	124
P-0010587-T01-IM5	41	0	13	7
P-0010680-T02-IM6	6	12	10	2
P-0010783-T01-IM5	30	0	19	0
P-0010798-T01-IM5	2	4	9	0
P-0010929-T01-IM5	14	9	0	3
P-0011068-T01-IM5	8	14	2	0
P-0011071-T01-IM5	20	11	22	3
P-0011226-T01-IM5	28	23	0	1
P-0011235-T01-IM5	6	2	10	0
P-0011324-T01-IM5	46	0	4	0
P-0011357-T01-IM5	0	26	0	181
P-0012115-T01-IM5	11	14	0	0
P-0012249-T01-IM5	6	17	2	0
P-0012313-T01-IM5	21	11	7	1
P-0012402-T01-IM5	25	24	27	163
P-0013010-T01-IM5	49	0	24	4
P-0013082-T01-IM5	32	12	0	1
P-0013227-T01-IM5	0	15	21	1
P-0013357-T01-IM5	18	9	6	2
P-0013374-T01-IM5	20	29	0	0
P-0013400-T01-IM5	47	0	0	0
P-0013462-T01-IM5	5	0	22	1
P-0013492-T01-IM5	12	10	14	0
P-0013876-T01-IM5	18	17	5	2
P-0013981-T01-IM5	21	0	14	4
P-0014143-T01-IM5	6	20	8	2
P-0014258-T01-IM6	6	54	11	5
P-0014616-T01-IM6	9	11	0	0
P-0014787-T01-IM6	14	4	17	3
P-0014994-T01-IM6	18	17	1	0
P-0015237-T01-IM6	5	20	10	4
P-0015252-T01-IM6	21	10	0	0
P-0015416-T01-IM6	60	2	26	0
P-0015536-T01-IM6	8	6	25	4
P-0015699-T01-IM6	0	15	29	2
P-0015851-T01-IM6	18	0	8	0
P-0016314-T01-IM6	9	34	43	3
P-0016522-T01-IM6	23	9	1	2
P-0016890-T01-IM6	9	6	20	3
P-0017583-T01-IM5	0	17	9	3
P-0017664-T01-IM5	2	0	3	0
P-0017697-T01-IM6	33	11	26	0
P-0017839-T01-IM6	27	0	7	7
P-0017925-T01-IM6	19	6	22	1
P-0017986-T02-IM6	32	9	24	0
P-0017995-T01-IM6	14	22	0	2
P-0018374-T01-IM6	11	18	5	3
P-0018436-T01-IM6	11	0	5	0
P-0018437-T01-IM6	11	9	13	0
P-0018841-T01-IM6	0	15	35	0
P-0019183-T01-IM6	1	7	0	0
P-0019428-T01-IM6	23	0	13	0
P-0019464-T01-IM6	50	7	36	3
P-0019475-T01-IM6	11	21	35	0
P-0019846-T01-IM6	9	9	14	1
P-0019949-T01-IM6	24	2	0	0
P-0020143-T01-IM6	30	0	21	0
P-0020144-T01-IM6	8	0	8	2
P-0020221-T01-IM6	28	10	19	0
P-0020330-T01-IM6	25	30	38	4
P-0020331-T01-IM6	37	3	48	0
P-0020399-T01-IM6	17	0	23	0
P-0020431-T01-IM6	20	0	5	1
P-0020473-T01-IM6	33	0	0	115
P-0020689-T01-IM6	35	0	25	10
P-0020748-T01-IM6	9	0	5	2
P-0020834-T01-IM6	5	0	9	3
P-0021049-T01-IM6	28	2	6	0
P-0021090-T01-IM6	54	4	0	120
P-0021154-T01-IM6	2	13	13	1
P-0021292-T01-IM6	22	5	9	0
P-0021304-T01-IM6	46	16	0	2
P-0021346-T01-IM6	9	13	0	0
P-0021393-T01-IM6	17	46	0	0
P-0021744-T01-IM6	24	23	13	0
P-0022111-T01-IM6	32	39	12	2
P-0022508-T01-IM6	19	0	6	0
P-0023162-T01-IM6	4	3	17	0
P-0023271-T01-IM6	53	20	15	213
P-0023272-T01-IM6	24	15	14	0
P-0023551-T01-IM6	15	6	34	1
P-0023639-T01-IM6	16	16	8	3
P-0024928-T01-IM6	3	23	0	1
P-0024973-T01-IM6	9	0	18	0
P-0025047-T01-IM6	12	8	33	3
P-0025073-T01-IM6	20	11	0	2
P-0025215-T01-IM6	17	4	24	4
P-0025695-T01-IM6	22	13	3	1
P-0025715-T01-IM6	7	17	17	0
P-0025883-T01-IM6	26	25	12	0
P-0026197-T01-IM6	9	35	27	1
P-0026480-T01-IM6	8	21	30	1
P-0026678-T01-IM6	58	1	5	0
P-0026683-T01-IM6	61	0	16	0
P-0026908-T01-IM6	5	10	12	1
P-0026962-T01-IM6	4	24	2	5
P-0027324-T01-IM6	32	24	0	0
P-0027335-T01-IM6	16	27	0	0
P-0027375-T01-IM6	6	13	9	7
P-0027438-T01-IM6	3	29	0	1
P-0027740-T01-IM6	63	29	0	0
P-0027858-T01-IM6	15	33	34	0
P-0027929-T01-IM6	16	176	125	14
P-0028069-T01-IM6	4	18	12	3
P-0028266-T01-IM6	77	0	20	0
P-0028274-T01-IM6	25	17	9	0
P-0028344-T01-IM6	5	16	0	2
P-0028474-T01-IM6	10	55	16	3
P-0028485-T01-IM6	46	26	5	6
P-0028571-T01-IM6	13	12	9	0
P-0028891-T01-IM6	74	8	26	0
P-0028979-T01-IM6	15	1	42	0
P-0029114-T01-IM6	0	25	1	2
P-0029169-T01-IM6	12	17	0	1
P-0029398-T01-IM6	19	13	9	6
P-0029399-T01-IM6	21	0	20	5
P-0029495-T03-IM6	48	4	4	1
P-0029646-T01-IM6	20	30	30	2
P-0029980-T01-IM6	25	35	8	5
P-0030244-T01-IM6	5	41	3	1
P-0030265-T01-IM6	46	182	0	0
P-0030636-T01-IM6	19	0	11	2
P-0030708-T01-IM6	24	22	17	0
P-0030774-T01-IM6	40	18	7	6
P-0030960-T01-IM6	13	14	7	2
P-0030988-T01-IM6	7	22	10	1
P-0031050-T01-IM6	9	13	9	0
P-0031091-T01-IM6	16	39	5	0
P-0031146-T01-IM6	11	12	0	0
P-0031207-T01-IM6	11	0	27	0
P-0031496-T01-IM6	22	28	0	3
P-0032060-T01-IM6	28	27	0	0
P-0032698-T01-IM6	17	12	17	1
P-0032718-T01-IM6	1	42	12	4
P-0032777-T01-IM6	0	14	23	6
P-0033100-T01-IM6	20	0	25	2
P-0033382-T01-IM6	77	0	5	10
P-0033425-T01-IM6	126	235	0	4
P-0033503-T01-IM6	25	0	5	0
P-0033748-T01-IM6	0	0	35	99
P-0033852-T01-IM6	17	1	17	4
P-0034090-T01-IM6	1	15	2	1
P-0034401-T01-IM6	13	6	5	0
P-0034935-T01-IM6	0	5	8	0
P-0034950-T01-IM6	21	18	0	0
P-0035033-T01-IM6	3	7	0	0
P-0035100-T01-IM6	24	0	9	0
P-0035103-T01-IM6	0	11	0	122
P-0035437-T01-IM6	12	1	24	11
P-0035452-T01-IM6	22	21	20	3
P-0035693-T01-IM6	7	2	5	7
P-0035742-T01-IM6	3	4	0	16
P-0035755-T01-IM6	14	18	15	0
P-0035916-T01-IM6	17	4	17	4
P-0036028-T01-IM6	12	32	0	2
P-0036050-T01-IM6	19	20	0	3
P-0036309-T01-IM6	17	5	16	1
P-0036334-T01-IM6	28	19	2	2
P-0036369-T01-IM6	19	20	9	5
P-0036380-T01-IM6	7	11	7	7
P-0036500-T01-IM6	36	20	0	5
P-0036503-T01-IM6	19	22	0	99
P-0036831-T01-IM6	18	8	13	4
P-0036852-T01-IM6	17	13	23	6
P-0036924-T01-IM6	7	0	38	0
P-0037227-T01-IM6	14	0	18	0
P-0037246-T01-IM6	8	16	0	2
P-0037410-T01-IM6	8	38	18	2
P-0037531-T01-IM6	0	3	20	87
P-0037582-T01-IM6	20	11	0	0
P-0037838-T02-IM6	14	7	10	0
P-0037867-T01-IM6	13	9	17	6
P-0037875-T01-IM6	10	12	19	4
P-0037898-T01-IM6	0	26	0	190
P-0038159-T01-IM6	18	0	15	0
P-0038378-T01-IM6	13	5	18	0
P-0038553-T01-IM6	13	34	16	2
P-0038612-T02-IM6	6	16	5	0
P-0038638-T01-IM6	8	3	15	2
P-0038880-T01-IM6	58	0	14	2
P-0038908-T01-IM6	7	0	13	1
P-0039283-T01-IM6	79	20	9	8
P-0039441-T01-IM6	11	10	10	0
P-0039443-T01-IM6	30	16	2	2
P-0039589-T01-IM6	34	54	29	12
P-0039800-T01-IM6	19	11	0	0
P-0039938-T01-IM6	23	23	10	2
P-0039999-T01-IM6	16	3	29	0
P-0040021-T01-IM6	16	0	15	2
P-0040107-T01-IM6	17	19	8	0
P-0040121-T01-IM6	12	6	27	5
P-0040182-T01-IM6	7	18	16	0
P-0040250-T01-IM6	18	23	0	0
P-0040355-T01-IM6	15	5	10	0
P-0040373-T01-IM6	16	12	19	4
P-0040484-T01-IM6	10	12	0	1
P-0040678-T01-IM6	39	9	1	0
P-0040787-T01-IM6	0	13	0	160
P-0041005-T01-IM6	18	34	20	1
P-0041144-T01-IM6	26	16	15	1
P-0041213-T01-IM6	12	13	1	0
P-0041436-T01-IM6	18	17	13	0
P-0041542-T01-IM6	10	6	0	5
P-0041648-T01-IM6	53	6	7	3
P-0041855-T01-IM6	27	22	29	1
P-0041986-T01-IM6	34	0	19	1
P-0042503-T01-IM6	13	7	20	0
P-0042615-T01-IM6	29	1	7	1
P-0042737-T01-IM6	18	19	3	2
P-0042880-T01-IM6	12	2	10	3
P-0043005-T01-IM6	33	19	8	5
P-0043052-T01-IM6	60	5	27	1
P-0043087-T01-IM6	40	20	25	2
P-0043095-T01-IM6	28	2	25	1
P-0043154-T01-IM6	31	0	18	3
P-0043169-T01-IM6	1	12	5	0
P-0043595-T01-IM6	34	7	13	2
P-0043599-T01-IM6	11	5	21	2
P-0043781-T01-IM6	7	0	29	0
P-0043907-T01-IM6	35	0	15	0
P-0044184-T01-IM6	14	28	11	0
P-0044217-T01-IM6	12	0	9	0
P-0044329-T01-IM6	26	6	20	0
P-0044371-T01-IM6	11	5	48	2
P-0044406-T01-IM6	21	0	14	2
P-0044484-T01-IM6	20	12	4	2
P-0044540-T01-IM6	11	28	0	6
P-0044544-T01-IM6	18	0	18	0
P-0044576-T01-IM6	14	0	18	0
P-0044645-T01-IM6	66	19	0	0
P-0044666-T01-IM6	6	23	0	0
P-0044791-T01-IM6	25	16	0	0
P-0044805-T01-IM6	21	0	9	1
P-0044833-T01-IM6	34	9	16	0
P-0044858-T01-IM6	19	0	9	1
P-0045009-T01-IM6	9	16	0	1
P-0045111-T01-IM6	21	8	18	4
P-0045223-T01-IM6	3	8	9	1
P-0045253-T01-IM6	16	0	22	0
P-0045320-T01-IM6	15	4	8	3
P-0045366-T01-IM6	14	16	3	0
P-0045460-T01-IM6	8	5	15	1
P-0045471-T01-IM6	2	20	0	1
P-0045547-T01-IM6	7	2	8	1
P-0045569-T01-IM6	29	25	14	0
P-0045713-T01-IM6	15	0	6	0
P-0045823-T01-IM6	11	27	0	0
P-0045984-T01-IM6	44	1	7	2
P-0046035-T01-IM6	13	0	11	2
P-0046229-T01-IM6	8	10	13	0
P-0046266-T01-IM6	12	4	25	0
P-0046311-T01-IM6	12	5	3	8
P-0046312-T01-IM6	34	0	3	0
P-0046394-T01-IM6	22	3	10	0
P-0046492-T01-IM6	23	0	8	4
P-0046698-T01-IM6	48	42	10	1
P-0046738-T01-IM6	6	18	0	0
P-0046739-T01-IM6	27	15	4	0
P-0046759-T01-IM6	20	15	5	0
P-0046843-T01-IM6	43	0	28	0
P-0046954-T01-IM6	2	0	8	0
P-0047056-T01-IM6	25	23	28	2
P-0047121-T01-IM6	20	3	2	0
P-0047196-T01-IM6	18	11	1	0
P-0047599-T01-IM6	71	0	18	2
P-0047601-T01-IM6	5	16	8	1
P-0047632-T01-IM6	22	27	0	0
P-0047822-T01-IM6	19	1	26	0
P-0047850-T01-IM6	34	0	15	0
P-0047862-T01-IM6	13	16	6	0
P-0047886-T01-IM6	18	2	25	3
P-0048082-T01-IM6	22	0	18	0
P-0048215-T01-IM6	22	139	0	309
P-0048221-T01-IM6	36	42	0	0
P-0048257-T01-IM6	5	11	12	6
P-0048271-T01-IM6	24	0	2	1
P-0048660-T01-IM6	15	0	10	0
P-0048893-T01-IM6	24	0	15	2
P-0049064-T01-IM6	9	24	15	3
P-0049202-T01-IM6	0	3	1	169
P-0049359-T01-IM6	18	0	11	0
P-0049376-T01-IM6	24	0	21	0
P-0049486-T01-IM6	7	12	1	0
P-0049600-T01-IM6	7	10	0	0
P-0049633-T01-IM6	6	16	7	0
P-0049661-T01-IM6	15	17	2	0
P-0049762-T01-IM6	13	16	1	3
P-0049970-T01-IM6	29	2	24	5
P-0050263-T01-IM6	9	0	0	272
P-0050266-T01-IM6	11	1	31	4
