Samples	SBS1	SBS5	SBS10a	SBS10b	SBS15	SBS20	SBS42	SBS54
P-0000069-T01-IM3	3	9	0	0	0	0	0	0
P-0000448-T01-IM3	44	4	0	0	0	22	0	0
P-0000558-T01-IM3	2	0	0	0	6	0	0	7
P-0000614-T01-IM3	3	7	0	0	0	0	0	10
P-0001248-T01-IM3	1	0	0	3	17	0	0	0
P-0001791-T01-IM3	2	4	0	0	8	0	0	0
P-0002280-T01-IM3	2	7	0	0	12	0	0	0
P-0003014-T01-IM3	6	9	0	0	0	0	10	0
P-0003767-T01-IM5	5	4	0	0	0	6	0	6
P-0004136-T01-IM5	5	19	0	0	0	0	0	0
P-0004255-T01-IM5	3	4	0	0	6	0	0	7
P-0004379-T01-IM5	40	39	100	172	87	0	0	0
P-0005285-T01-IM5	4	6	0	0	7	0	0	0
P-0005564-T01-IM5	8	27	0	0	50	0	0	0
P-0006201-T01-IM5	6	4	0	7	0	14	0	0
P-0007675-T01-IM5	0	0	0	2	2	0	0	0
P-0008444-T01-IM5	3	0	0	3	7	0	0	0
P-0008646-T01-IM5	7	6	0	0	0	0	0	0
P-0009585-T01-IM5	0	0	0	0	20	0	0	0
P-0009985-T01-IM5	0	7	0	0	10	0	8	0
P-0010671-T01-IM5	0	2	0	4	9	0	0	0
P-0010828-T01-IM5	11	2	0	5	0	0	0	0
P-0010967-T01-IM5	18	0	57	86	0	0	0	0
P-0011013-T01-IM5	0	8	0	0	14	0	0	0
P-0011222-T01-IM5	1	17	0	0	0	0	0	0
P-0011569-T01-IM5	8	7	0	0	30	0	0	0
P-0011570-T01-IM5	3	0	11	78	22	0	0	0
P-0012113-T01-IM5	43	27	27	48	50	43	0	0
P-0012152-T01-IM5	0	6	0	0	10	0	0	0
P-0012179-T01-IM5	22	15	0	0	0	0	0	0
P-0012358-T01-IM5	51	0	51	350	0	0	0	0
P-0012397-T01-IM5	44	34	0	38	108	0	0	0
P-0012441-T01-IM5	7	11	0	0	0	0	0	4
P-0012445-T01-IM5	5	0	33	103	30	0	0	0
P-0012670-T01-IM5	13	0	52	55	0	0	0	0
P-0012726-T01-IM5	7	5	0	0	0	8	0	0
P-0012740-T01-IM5	3	0	0	0	0	0	17	0
P-0012819-T01-IM5	9	7	0	0	0	0	0	5
P-0012848-T01-IM5	4	7	0	0	4	0	0	0
P-0012988-T01-IM5	20	18	0	0	0	115	0	0
P-0013112-T02-IM6	2	5	0	0	0	0	9	0
P-0013350-T01-IM5	16	0	48	86	0	0	0	0
P-0013452-T01-IM5	0	0	0	5	9	0	0	0
P-0013537-T01-IM5	25	0	33	133	0	0	0	0
P-0014023-T01-IM5	1	6	0	0	6	0	0	0
P-0014145-T01-IM5	0	0	0	0	10	13	0	0
P-0014170-T01-IM5	5	6	0	0	0	0	0	0
P-0014388-T01-IM6	8	2	0	0	9	0	0	0
P-0014495-T01-IM6	2	9	0	0	0	0	0	2
P-0014528-T01-IM6	0	0	2	15	0	0	0	0
P-0014680-T01-IM6	3	1	0	0	6	0	0	0
P-0014780-T01-IM6	25	6	0	0	16	0	0	0
P-0015048-T01-IM6	9	8	0	0	0	0	0	0
P-0015293-T01-IM6	2	18	0	0	18	0	0	0
P-0015626-T01-IM6	31	12	0	63	30	0	0	0
P-0015869-T01-IM6	14	0	34	63	0	0	0	0
P-0015885-T01-IM6	34	20	0	0	25	0	0	0
P-0016053-T01-IM6	4	9	0	0	0	9	0	0
P-0016099-T01-IM6	33	0	116	179	58	0	0	0
P-0016247-T01-IM6	1	16	0	0	7	0	0	0
P-0016341-T01-IM6	9	11	0	0	0	0	0	0
P-0016505-T01-IM6	3	0	0	26	9	0	0	0
P-0016801-T01-IM6	1	10	0	0	17	0	0	0
P-0016825-T01-IM6	5	0	28	23	0	0	0	0
P-0016904-T01-IM6	14	7	0	4	0	0	0	0
P-0017300-T01-IM6	3	11	0	0	0	0	0	0
P-0017681-T01-IM6	10	2	0	0	0	0	10	0
P-0017713-T01-IM6	6	8	0	0	17	0	16	0
P-0017883-T01-IM6	25	1	0	0	0	8	0	0
P-0018005-T01-IM6	26	5	0	0	16	0	0	0
P-0018100-T01-IM6	27	77	0	0	0	97	126	0
P-0018106-T01-IM6	4	12	0	0	0	0	0	0
P-0018204-T01-IM6	1	0	0	0	11	13	15	0
P-0018224-T01-IM6	3	11	0	0	0	0	0	0
P-0018353-T01-IM6	7	11	0	0	7	0	0	0
P-0018723-T01-IM6	0	2	0	0	0	0	0	0
P-0019071-T01-IM6	7	11	0	0	6	0	0	0
P-0019093-T01-IM6	12	0	0	0	0	13	0	0
P-0019386-T01-IM6	11	7	0	0	0	9	0	0
P-0019598-T01-IM6	2	0	1	3	5	6	0	0
P-0019649-T01-IM6	47	0	28	128	55	0	0	0
P-0019650-T01-IM6	3	0	0	0	6	7	0	5
P-0019658-T01-IM6	4	0	37	48	0	0	0	0
P-0019741-T01-IM6	12	3	0	0	21	0	0	0
P-0020009-T01-IM6	7	2	0	0	0	0	11	0
P-0020227-T01-IM6	5	22	0	0	0	0	0	0
P-0020271-T01-IM6	17	6	0	0	0	9	0	11
P-0020509-T01-IM6	8	0	0	0	12	0	0	0
P-0020754-T01-IM6	3	5	0	0	6	0	0	0
P-0021505-T01-IM6	12	14	0	0	0	10	0	0
P-0021670-T01-IM6	6	8	0	0	0	0	0	0
P-0021692-T01-IM6	6	7	0	0	0	4	0	0
P-0021856-T01-IM6	11	7	0	0	0	0	0	0
P-0021897-T01-IM6	0	5	0	0	0	4	0	0
P-0022010-T01-IM6	22	3	0	0	24	0	0	0
P-0023250-T01-IM6	3	12	0	0	0	9	0	0
P-0023555-T01-IM6	20	0	0	0	19	0	0	8
P-0023857-T01-IM6	0	0	0	5	20	0	0	8
P-0023968-T01-IM6	2	7	0	0	5	0	0	0
P-0024106-T01-IM6	6	8	0	0	0	0	0	0
P-0024289-T01-IM6	23	12	0	0	0	0	0	9
P-0025003-T01-IM6	2	9	0	3	0	0	0	0
P-0025195-T01-IM6	7	0	0	0	0	0	16	0
P-0025240-T01-IM6	9	0	0	0	14	0	0	9
P-0025248-T01-IM6	3	2	0	0	12	11	0	0
P-0025312-T01-IM6	13	6	0	5	0	0	0	0
P-0025648-T01-IM6	14	0	61	83	0	0	0	0
P-0025701-T01-IM6	18	6	0	0	0	0	0	0
P-0025885-T01-IM6	18	0	0	0	0	12	0	0
P-0026221-T01-IM6	7	5	0	0	0	11	0	0
P-0026297-T01-IM6	50	23	34	22	228	91	0	0
P-0026714-T01-IM6	4	9	0	0	0	5	0	0
P-0027652-T01-IM6	18	0	68	123	0	0	0	0
P-0027698-T01-IM6	24	10	0	9	18	0	0	0
P-0028034-T01-IM6	10	0	0	0	0	13	17	0
P-0028141-T01-IM6	2	12	0	0	7	0	0	0
P-0028144-T01-IM6	8	7	0	0	0	7	0	0
P-0028200-T01-IM6	6	0	0	0	12	0	0	0
P-0028472-T01-IM6	39	19	0	0	0	0	0	0
P-0028495-T01-IM6	6	4	0	0	0	0	10	0
P-0028774-T01-IM6	5	8	0	2	0	0	0	0
P-0028924-T01-IM6	14	15	0	0	0	0	0	0
P-0029429-T01-IM6	7	0	0	0	0	0	11	0
P-0029690-T01-IM6	18	0	51	61	0	0	0	0
P-0029778-T01-IM6	0	8	0	0	0	12	0	0
P-0029972-T01-IM6	6	126	22	0	0	61	0	88
P-0029983-T01-IM6	0	12	0	0	0	0	0	0
P-0030260-T01-IM6	5	0	0	0	16	0	0	6
P-0030322-T01-IM6	6	7	24	93	0	0	0	0
P-0031042-T01-IM6	6	7	0	0	0	15	0	0
P-0031094-T01-IM6	5	9	0	0	11	0	0	0
P-0031195-T01-IM6	0	17	0	0	0	0	0	0
P-0031211-T01-IM6	25	5	0	0	0	0	0	0
P-0031271-T01-IM6	5	16	0	0	0	0	0	0
P-0031436-T01-IM6	0	10	0	0	9	0	0	6
P-0031501-T01-IM6	18	9	0	9	30	0	0	0
P-0032113-T01-IM6	19	0	0	0	16	11	0	0
P-0032161-T02-IM6	17	3	0	0	0	12	0	8
P-0032443-T01-IM6	2	7	0	0	14	0	0	0
P-0032456-T01-IM6	1	5	0	0	11	0	0	0
P-0032495-T01-IM6	6	27	0	0	0	0	0	0
P-0032496-T01-IM6	25	0	116	164	0	0	0	0
P-0032497-T01-IM6	5	16	0	0	0	0	0	0
P-0032548-T01-IM6	7	0	26	87	0	0	0	0
P-0032567-T01-IM6	22	5	0	0	0	0	14	0
P-0032761-T01-IM6	5	3	0	0	0	7	8	0
P-0032818-T01-IM6	25	0	25	202	0	0	0	0
P-0032990-T01-IM6	3	8	0	0	0	0	0	6
P-0032994-T01-IM6	18	8	0	0	0	0	14	0
P-0033016-T01-IM6	18	5	21	32	0	0	0	0
P-0033133-T01-IM6	18	0	0	0	127	0	0	0
P-0033467-T01-IM6	5	7	0	0	13	0	0	0
P-0033583-T01-IM6	5	6	0	0	6	5	0	0
P-0033682-T01-IM6	25	0	0	6	0	0	0	0
P-0034775-T01-IM6	3	7	0	0	0	0	5	0
P-0034862-T01-IM6	4	3	0	3	0	0	7	0
P-0034915-T01-IM6	73	57	24	0	97	68	0	0
P-0035146-T01-IM6	8	36	36	68	0	0	0	0
P-0035147-T01-IM6	4	0	45	57	0	0	0	0
P-0035281-T01-IM6	15	0	16	100	0	0	0	0
P-0035770-T01-IM6	22	0	140	196	0	0	0	0
P-0035790-T01-IM6	54	43	34	47	329	0	0	0
P-0036123-T01-IM6	33	0	19	124	0	0	0	0
P-0036230-T01-IM6	2	6	0	5	0	4	0	4
P-0036297-T01-IM6	16	0	38	67	0	0	0	0
P-0036505-T01-IM6	3	9	0	0	0	7	0	0
P-0036664-T01-IM6	0	0	0	0	16	0	0	5
P-0036740-T03-IM6	5	0	0	0	6	0	0	7
P-0036868-T01-IM6	6	11	0	0	0	0	0	0
P-0037690-T01-IM6	15	9	0	10	48	0	0	0
P-0037917-T01-IM6	3	5	0	0	0	0	0	0
P-0038016-T01-IM6	12	11	0	0	7	0	0	0
P-0038084-T01-IM6	29	15	0	0	0	0	0	0
P-0038304-T01-IM6	8	4	0	0	0	0	18	9
P-0038424-T01-IM6	25	18	0	0	14	0	0	0
P-0038520-T01-IM6	15	11	0	0	0	21	0	0
P-0038755-T01-IM6	7	1	8	30	0	0	0	0
P-0038944-T01-IM6	10	2	0	7	0	0	0	6
P-0039004-T01-IM6	4	0	0	0	19	0	0	0
P-0039054-T01-IM6	40	64	89	97	212	0	0	0
P-0039184-T01-IM6	8	0	0	0	10	0	0	0
P-0039231-T01-IM6	9	8	0	0	6	0	0	0
P-0039294-T01-IM6	11	8	0	0	0	0	10	0
P-0039466-T01-IM6	9	12	0	0	19	0	0	0
P-0039477-T01-IM6	20	1	0	0	8	0	0	0
P-0039599-T01-IM6	0	8	0	0	0	0	0	0
P-0039704-T01-IM6	19	0	141	201	0	0	0	0
P-0039773-T01-IM6	4	0	12	40	0	0	0	0
P-0039854-T01-IM6	10	17	0	4	0	0	0	0
P-0040023-T01-IM6	153	149	0	0	202	0	0	0
P-0040086-T01-IM6	7	10	34	32	0	0	0	0
P-0040149-T01-IM6	7	11	0	0	0	0	0	7
P-0040228-T01-IM6	10	14	0	0	0	0	0	0
P-0040284-T01-IM6	8	0	36	62	0	0	0	0
P-0040471-T01-IM6	3	11	0	0	0	13	0	0
P-0040549-T01-IM6	6	5	0	0	9	0	0	0
P-0040575-T01-IM6	25	3	0	6	10	0	0	0
P-0040701-T01-IM6	1	9	0	4	5	0	0	0
P-0040823-T01-IM6	1	26	0	0	13	0	0	14
P-0040828-T01-IM6	83	0	35	231	145	0	0	0
P-0040884-T01-IM6	4	5	0	0	0	6	0	0
P-0040892-T01-IM6	10	7	0	0	0	11	0	0
P-0040992-T01-IM6	24	16	0	0	0	0	0	0
P-0041146-T01-IM6	15	18	88	84	0	0	0	0
P-0041318-T01-IM6	3	1	11	8	5	0	0	0
P-0041346-T01-IM6	6	20	92	100	0	0	0	0
P-0041347-T01-IM6	3	1	0	0	0	5	5	0
P-0041596-T01-IM6	5	13	0	0	0	8	0	0
P-0042199-T01-IM6	63	0	50	190	0	0	0	0
P-0042256-T01-IM6	4	0	21	50	0	0	0	0
P-0042508-T01-IM6	6	2	0	0	0	0	0	0
P-0042644-T01-IM6	9	2	0	9	0	16	0	0
P-0042702-T01-IM6	7	0	16	60	0	0	0	0
P-0042762-T01-IM6	3	11	0	0	0	18	35	13
P-0042782-T01-IM6	2	4	0	0	8	5	0	0
P-0042819-T01-IM6	6	8	0	0	0	9	0	0
P-0043033-T02-IM6	21	0	0	0	0	14	0	0
P-0043071-T01-IM6	4	0	6	26	11	0	0	0
P-0043596-T01-IM6	121	0	172	459	0	0	0	0
P-0043613-T01-IM6	41	7	0	0	0	0	15	0
P-0043842-T01-IM6	66	0	94	127	142	0	0	0
P-0043909-T01-IM6	4	7	0	0	0	6	7	0
P-0043940-T01-IM6	4	10	0	0	0	0	0	6
P-0044312-T01-IM6	3	5	0	0	7	0	0	6
P-0044767-T01-IM6	2	5	0	0	3	0	0	0
P-0044790-T01-IM6	10	0	0	0	149	0	0	0
P-0044987-T01-IM6	42	22	0	0	0	0	0	12
P-0045120-T01-IM6	5	0	2	24	0	0	0	0
P-0045458-T01-IM6	47	0	24	198	102	0	0	0
P-0045533-T01-IM6	5	7	0	0	12	0	0	0
P-0045671-T01-IM6	5	8	0	0	0	0	0	0
P-0045738-T01-IM6	0	0	0	4	14	9	0	0
P-0045991-T01-IM6	11	1	0	0	0	0	0	7
P-0046448-T01-IM6	28	5	0	0	0	0	0	0
P-0046630-T01-IM6	20	0	0	0	20	0	0	0
P-0046754-T01-IM6	10	17	0	0	0	0	0	0
P-0046965-T01-IM6	22	49	200	208	0	0	0	0
P-0047374-T01-IM6	32	15	0	0	12	0	0	0
P-0047379-T01-IM6	2	5	2	0	0	0	0	0
P-0047653-T01-IM6	11	3	9	30	0	0	0	0
P-0047766-T01-IM6	32	3	0	0	13	0	0	0
P-0047768-T01-IM6	44	2	0	0	16	0	0	0
P-0047771-T01-IM6	4	0	29	57	0	0	0	0
P-0047974-T01-IM6	8	0	16	20	0	0	0	0
P-0048176-T01-IM6	7	11	0	0	0	7	0	0
P-0048238-T01-IM6	9	5	0	0	0	0	0	9
P-0048255-T01-IM6	6	22	0	0	10	0	0	0
P-0048289-T01-IM6	5	6	2	0	0	0	5	0
P-0048521-T01-IM6	10	6	0	0	0	0	0	7
P-0048589-T01-IM6	2	9	0	0	0	0	0	10
P-0048620-T01-IM6	7	14	0	4	0	0	0	7
P-0048757-T01-IM6	17	0	0	8	8	0	0	0
P-0048915-T01-IM6	4	6	0	0	0	0	11	0
P-0048984-T01-IM6	7	5	0	0	8	0	0	0
P-0049047-T01-IM6	69	22	214	185	139	0	0	0
P-0049073-T01-IM6	14	0	99	106	0	0	0	0
P-0049274-T01-IM6	2	3	16	25	0	0	0	0
P-0049291-T01-IM6	40	5	0	0	0	0	0	0
P-0049371-T01-IM6	6	0	11	34	0	0	0	0
P-0049473-T01-IM6	14	14	0	0	0	0	0	0
P-0049485-T01-IM6	2	16	0	4	24	0	0	0
P-0049760-T01-IM6	56	0	17	181	130	0	0	0
P-0049775-T01-IM6	19	4	0	9	0	0	0	0
P-0049788-T01-IM6	1	0	9	12	0	0	0	0
P-0049805-T01-IM6	10	11	0	0	0	0	0	0
P-0049931-T01-IM6	11	13	0	0	15	0	0	0
P-0050111-T01-IM6	10	6	0	0	12	0	0	0
P-0050149-T01-IM6	6	8	0	0	0	0	8	8
