MutationType	SBS96A	SBS96B	SBS96C	SBS96D	SBS96E	SBS96F	SBS96G	SBS96H
A[C>A]A	9.68E-08	1.05E-04	5.01E-04	1.37E-04	7.33E-04	7.92E-04	4.14E-04	6.14E-04
A[C>A]C	1.78E-04	5.77E-04	8.22E-04	3.29E-04	1.21E-03	1.67E-03	7.24E-04	6.68E-04
A[C>A]G	1.23E-05	7.56E-05	1.61E-04	9.06E-05	2.88E-04	3.11E-04	1.48E-04	2.50E-04
A[C>A]T	5.10E-05	4.03E-04	7.79E-04	3.87E-04	8.81E-04	5.74E-04	4.88E-04	7.24E-04
A[C>G]A	8.74E-05	5.45E-05	3.50E-04	1.13E-05	3.35E-04	3.78E-04	1.89E-04	2.61E-04
A[C>G]C	1.52E-04	2.05E-04	6.22E-04	5.29E-05	6.64E-04	5.93E-04	3.53E-04	5.74E-04
A[C>G]G	7.83E-05	1.53E-05	1.06E-04	8.86E-09	1.76E-04	1.06E-04	4.39E-05	8.22E-05
A[C>G]T	8.67E-05	1.70E-04	4.89E-04	1.13E-05	6.54E-04	3.34E-04	3.84E-04	5.35E-04
A[C>T]A	1.34E-03	9.02E-04	7.50E-04	0.00E+00	2.19E-03	4.28E-03	3.55E-03	1.95E-03
A[C>T]C	1.85E-03	1.82E-03	2.67E-03	2.21E-04	1.69E-03	5.21E-03	4.13E-03	2.57E-03
A[C>T]G	1.21E-02	6.37E-03	7.16E-03	6.13E-04	4.45E-03	1.24E-02	5.70E-03	4.27E-03
A[C>T]T	5.49E-04	9.28E-04	1.09E-03	1.97E-04	6.89E-04	1.27E-03	1.28E-03	1.10E-03
A[T>A]A	5.15E-05	1.05E-04	1.85E-04	3.86E-05	3.08E-04	2.97E-04	1.78E-04	2.19E-04
A[T>A]C	6.23E-05	2.88E-04	1.02E-03	3.66E-07	1.08E-03	1.04E-03	5.15E-04	1.00E-03
A[T>A]G	1.05E-04	1.68E-04	2.61E-04	6.63E-05	3.77E-04	3.61E-04	2.11E-04	2.83E-04
A[T>A]T	9.13E-05	3.81E-04	1.31E-03	1.28E-04	1.37E-03	1.85E-03	1.11E-03	1.02E-03
A[T>C]A	2.77E-04	1.29E-03	2.11E-03	1.95E-04	2.68E-03	2.39E-03	1.09E-03	1.59E-03
A[T>C]C	1.57E-04	6.27E-04	1.67E-03	2.74E-04	3.01E-03	2.89E-03	2.04E-03	3.26E-03
A[T>C]G	6.48E-04	1.15E-03	5.28E-03	7.47E-05	5.20E-03	2.97E-03	4.65E-03	5.14E-03
A[T>C]T	3.09E-04	4.47E-04	5.98E-04	1.47E-04	1.21E-03	1.03E-03	7.09E-04	1.01E-03
A[T>G]A	7.77E-06	2.18E-05	8.63E-05	1.29E-04	9.12E-05	5.97E-05	1.91E-05	6.24E-05
A[T>G]C	5.69E-05	1.45E-04	3.13E-04	1.29E-04	1.72E-04	3.65E-04	2.00E-04	2.65E-04
A[T>G]G	8.77E-05	1.51E-04	2.41E-04	1.25E-04	2.91E-04	3.51E-04	1.86E-04	2.29E-04
A[T>G]T	7.08E-05	1.21E-04	5.32E-04	7.34E-04	3.42E-04	1.96E-04	9.11E-05	2.61E-04
C[C>A]A	3.90E-05	7.30E-04	2.70E-03	9.93E-05	2.42E-03	2.90E-03	2.39E-03	1.84E-03
C[C>A]C	1.01E-03	1.49E-03	3.77E-03	6.81E-05	5.22E-03	5.45E-03	3.52E-03	3.30E-03
C[C>A]G	1.87E-04	1.81E-04	1.28E-03	8.23E-09	2.06E-03	1.48E-03	2.19E-03	2.58E-03
C[C>A]T	1.32E-03	1.86E-03	3.08E-03	5.83E-04	4.14E-03	4.53E-03	1.14E-02	4.13E-03
C[C>G]A	3.96E-05	4.87E-05	8.35E-05	1.16E-08	1.63E-04	6.86E-05	4.50E-05	1.33E-04
C[C>G]C	2.58E-05	1.46E-05	4.77E-05	9.93E-09	7.04E-05	7.75E-05	6.52E-05	9.19E-05
C[C>G]G	8.97E-05	6.24E-05	1.24E-04	6.67E-09	2.19E-04	1.22E-04	1.30E-04	2.10E-04
C[C>G]T	6.01E-05	5.18E-05	1.32E-04	1.46E-04	1.51E-04	1.02E-04	2.02E-04	1.49E-04
C[C>T]A	6.96E-04	6.74E-04	2.79E-03	7.97E-05	2.31E-03	2.57E-03	2.03E-03	1.41E-03
C[C>T]C	5.35E-04	1.97E-03	1.95E-03	1.30E-04	2.16E-03	2.70E-03	2.83E-03	1.32E-03
C[C>T]G	1.37E-02	1.92E-03	1.12E-02	5.41E-05	1.61E-02	3.37E-03	3.86E-03	3.53E-03
C[C>T]T	7.41E-04	1.22E-03	8.15E-04	1.70E-04	1.23E-03	1.87E-03	1.69E-03	7.37E-04
C[T>A]A	5.72E-05	7.31E-05	1.19E-04	2.74E-05	9.65E-05	1.76E-04	1.12E-04	1.29E-04
C[T>A]C	1.13E-04	3.40E-04	7.00E-04	5.78E-05	8.99E-04	1.07E-03	6.88E-04	6.45E-04
C[T>A]G	7.52E-05	3.30E-04	3.38E-04	4.04E-05	6.09E-04	7.59E-04	3.03E-04	9.32E-04
C[T>A]T	9.76E-05	1.89E-04	6.08E-04	2.44E-05	6.35E-04	8.09E-04	3.80E-04	4.70E-04
C[T>C]A	3.27E-04	4.09E-04	1.55E-03	4.67E-05	1.84E-03	2.13E-03	1.34E-03	1.99E-03
C[T>C]C	2.99E-04	8.00E-04	2.33E-03	1.09E-04	1.94E-03	2.80E-03	2.10E-03	2.85E-03
C[T>C]G	6.29E-04	3.64E-04	1.25E-03	5.09E-05	9.01E-03	2.30E-03	6.41E-03	9.07E-03
C[T>C]T	1.69E-04	9.25E-04	1.70E-03	1.08E-04	2.12E-03	2.03E-03	1.31E-03	1.91E-03
C[T>G]A	2.27E-05	2.62E-05	5.71E-05	1.35E-04	8.87E-05	6.49E-05	5.45E-05	9.24E-05
C[T>G]C	1.47E-04	2.22E-04	7.64E-04	6.11E-05	1.56E-03	1.34E-03	9.13E-04	1.55E-03
C[T>G]G	3.26E-04	1.61E-04	1.52E-03	2.57E-04	1.14E-03	1.27E-03	1.34E-03	1.79E-03
C[T>G]T	3.02E-04	6.52E-04	1.75E-03	6.26E-04	1.97E-03	1.09E-03	1.25E-03	1.10E-03
G[C>A]A	8.72E-05	3.55E-04	7.16E-04	1.85E-04	9.21E-04	1.09E-03	6.17E-04	5.95E-04
G[C>A]C	2.22E-04	5.68E-04	3.27E-03	3.15E-04	2.83E-03	3.74E-03	2.19E-03	1.06E-03
G[C>A]G	1.00E-04	2.93E-04	7.42E-04	1.33E-08	9.33E-04	8.74E-04	3.69E-04	7.45E-04
G[C>A]T	3.25E-05	2.51E-03	3.92E-03	4.91E-04	3.34E-03	5.04E-03	3.41E-03	1.64E-03
G[C>G]A	4.97E-05	6.89E-05	1.76E-04	2.12E-05	2.66E-04	3.09E-04	1.28E-04	2.09E-04
G[C>G]C	1.75E-04	8.24E-05	8.60E-04	1.14E-04	1.44E-03	1.34E-03	9.39E-04	1.08E-03
G[C>G]G	1.06E-04	9.76E-05	2.04E-04	7.11E-09	2.29E-04	8.00E-05	1.19E-04	1.69E-04
G[C>G]T	2.76E-04	5.00E-05	3.58E-04	6.26E-09	6.62E-04	4.13E-04	3.16E-04	3.32E-04
G[C>T]A	1.87E-03	2.13E-03	4.68E-03	6.42E-05	7.50E-03	6.19E-03	4.67E-03	1.50E-03
G[C>T]C	1.88E-03	7.93E-03	3.95E-03	7.96E-04	3.78E-03	1.11E-02	7.30E-03	3.81E-03
G[C>T]G	1.44E-02	1.58E-02	1.00E-02	1.07E-03	6.40E-03	5.61E-03	5.21E-03	3.38E-03
G[C>T]T	6.52E-04	4.83E-03	4.32E-03	6.19E-04	2.73E-03	5.32E-03	3.36E-03	2.62E-03
G[T>A]A	2.65E-05	8.03E-05	1.76E-04	2.38E-05	2.17E-04	1.98E-04	1.86E-04	1.27E-04
G[T>A]C	1.66E-04	2.60E-04	9.59E-04	5.48E-05	7.32E-04	7.89E-04	6.02E-04	6.52E-04
G[T>A]G	4.81E-05	8.40E-04	2.20E-03	5.97E-09	3.17E-03	2.07E-03	1.72E-03	1.69E-03
G[T>A]T	7.51E-05	1.82E-04	4.39E-04	4.21E-05	5.29E-04	5.37E-04	5.29E-04	4.88E-04
G[T>C]A	2.58E-04	9.79E-04	2.25E-03	3.78E-04	2.87E-03	2.88E-03	3.34E-03	6.30E-03
G[T>C]C	1.54E-04	2.45E-03	3.24E-03	6.19E-04	2.68E-03	3.33E-03	1.34E-03	3.46E-03
G[T>C]G	4.45E-04	9.68E-04	2.73E-03	2.38E-04	5.74E-03	4.04E-03	3.09E-03	5.91E-03
G[T>C]T	3.42E-04	4.71E-04	1.82E-03	3.29E-04	1.22E-03	2.56E-03	1.21E-03	2.62E-03
G[T>G]A	2.72E-05	4.71E-05	1.03E-04	1.05E-04	9.04E-05	2.60E-05	1.01E-04	7.02E-08
G[T>G]C	1.36E-04	1.69E-04	3.01E-04	2.03E-04	2.19E-04	3.75E-04	2.42E-04	3.95E-04
G[T>G]G	5.09E-08	1.98E-04	3.82E-04	1.22E-04	5.64E-04	7.41E-04	4.00E-04	7.04E-04
G[T>G]T	1.28E-05	2.76E-04	9.02E-04	3.37E-04	9.88E-04	6.80E-04	5.99E-04	7.55E-04
T[C>A]A	8.15E-07	2.55E-07	7.91E-04	1.92E-03	4.35E-05	4.11E-04	2.99E-04	1.36E-04
T[C>A]C	2.77E-04	6.18E-04	1.35E-03	3.41E-04	1.12E-03	1.29E-03	1.12E-03	7.04E-04
T[C>A]G	6.26E-05	1.16E-04	7.33E-04	1.98E-04	5.93E-04	7.27E-04	2.34E-04	3.67E-04
T[C>A]T	5.02E-08	2.01E-07	1.41E-05	1.02E-02	2.35E-07	3.08E-07	2.87E-07	1.59E-07
T[C>G]A	1.46E-07	9.24E-05	1.15E-04	2.24E-05	1.60E-04	1.79E-04	1.56E-04	1.38E-04
T[C>G]C	5.90E-05	8.01E-05	1.49E-04	4.79E-05	1.11E-04	1.05E-04	1.28E-04	1.23E-04
T[C>G]G	8.23E-06	1.64E-05	9.34E-05	1.16E-08	1.08E-04	8.51E-05	5.59E-05	7.79E-05
T[C>G]T	2.16E-04	9.22E-05	5.35E-04	4.15E-05	4.83E-04	6.30E-04	2.86E-04	3.36E-04
T[C>T]A	3.90E-04	1.29E-03	1.75E-03	2.96E-04	1.66E-03	2.06E-03	1.83E-03	7.66E-04
T[C>T]C	4.56E-04	1.97E-03	2.89E-03	1.06E-03	1.47E-03	2.28E-03	9.09E-04	5.84E-04
T[C>T]G	7.48E-03	1.05E-03	3.32E-02	1.55E-02	2.83E-03	1.14E-03	1.23E-03	9.00E-04
T[C>T]T	1.14E-04	8.26E-04	2.37E-03	1.22E-03	1.59E-03	1.72E-03	7.47E-04	5.48E-04
T[T>A]A	4.92E-05	1.45E-04	1.65E-04	1.02E-08	4.15E-04	4.05E-04	1.61E-04	3.57E-04
T[T>A]C	1.07E-06	1.32E-04	3.05E-04	4.69E-05	3.34E-04	3.54E-04	1.80E-04	3.15E-04
T[T>A]G	1.68E-05	4.06E-05	1.45E-04	5.90E-05	1.77E-04	2.36E-04	1.26E-04	1.32E-04
T[T>A]T	6.47E-05	1.33E-04	2.45E-04	1.41E-04	2.92E-04	4.02E-04	3.07E-04	1.27E-04
T[T>C]A	1.26E-04	5.91E-04	1.09E-03	7.27E-05	8.74E-04	1.63E-03	1.17E-03	1.77E-03
T[T>C]C	9.09E-05	1.08E-03	1.49E-03	2.39E-04	9.08E-04	1.68E-03	2.22E-03	1.72E-03
T[T>C]G	3.51E-04	8.76E-04	2.14E-03	1.51E-04	2.82E-03	2.37E-03	2.08E-03	2.70E-03
T[T>C]T	1.90E-04	8.27E-04	9.98E-04	2.89E-04	1.56E-03	1.42E-03	7.78E-04	1.06E-03
T[T>G]A	3.10E-06	4.86E-07	3.98E-05	2.68E-04	2.69E-05	1.40E-05	1.29E-05	6.65E-05
T[T>G]C	5.43E-05	1.30E-04	3.96E-04	3.03E-04	5.01E-04	2.59E-04	2.83E-04	2.75E-04
T[T>G]G	5.15E-05	1.02E-04	1.62E-04	4.51E-05	3.21E-04	2.84E-04	1.93E-04	2.76E-04
T[T>G]T	7.02E-08	1.26E-06	9.90E-05	2.14E-03	4.23E-05	1.97E-07	8.94E-08	1.11E-07
