MutationType	SBS96A	SBS96B	SBS96C	SBS96D	SBS96E	SBS96F	SBS96G	SBS96H
A[C>A]A	3.914498320511939e-07	0.00019090964991269388	0.0015520582885058976	0.002567918455245035	0.0043711619471880426	0.004179963512429481	0.0014589155206576354	0.004223666313924071
A[C>A]C	0.0008917030953404037	0.0017750923624578264	0.004457595673870003	0.005672649262996856	0.008281716770724756	0.00859025120756904	0.003387081372448506	0.0025843106704165563
A[C>A]G	2.2418155710095535e-05	0.0001326288712867374	0.0006374910346778329	0.0009857061264997925	0.001460084270668105	0.0017462656208435945	0.0006519838801481547	0.0016257425963053151
A[C>A]T	0.00011483016092565634	0.0017749610274354665	0.005648153844491049	0.00839020838471697	0.0046838780916191244	0.002639270717707376	0.0018078030457243698	0.004614336525115856
A[C>G]A	0.00042151403950104084	9.457861985087134e-05	0.0012070800193174592	2.2545295660538754e-05	0.0024196750892782727	0.0019850622249204973	0.0006864023926809182	0.0015953779129252155
A[C>G]C	0.0005786350358523861	0.0007193430082185159	0.003844514351914512	0.0002561540627708325	0.004231568943613212	0.0021048287163606006	0.0010711446471255925	0.003358100217963802
A[C>G]G	0.0005156543382608092	2.640476671430747e-05	0.000252059397873019	6.612056317578663e-08	0.0011498955027015078	0.0003553791738820067	0.00015804263412903197	0.0003679222439904706
A[C>G]T	0.00019603945439579994	0.00042931292797680597	0.001636283443178018	1.93356430109759e-05	0.005002343554482138	0.0011173651175896283	0.0019062744820703159	0.0035641498057856326
A[C>T]A	0.011473588115051996	0.004430430281707629	0.001999993712755099	0.0	0.01112497234061891	0.03062475155641174	0.03333393279687314	0.012014443304283234
A[C>T]C	0.007717065070341391	0.01003382789537426	0.008718082401940705	0.0020030184076669853	0.005575535321262493	0.043989787287982834	0.03666022297816454	0.010953906228745324
A[C>T]G	0.3230325826388071	0.052457265586070584	0.030455320572153798	0.00543536260009887	0.013580094102064209	0.10341915016174993	0.03439425362497786	0.021682478166221698
A[C>T]T	0.001992052952659229	0.01038221701472537	0.004704705180862483	0.0022121141768954543	0.003849732489416482	0.007802299697204092	0.008812385124158056	0.005483919238198354
A[T>A]A	0.000289027637756476	0.0003282335013416407	0.0008348543408744646	0.000179026964214124	0.0016419128859004495	0.0016398268168208573	0.001008755296568964	0.0011181887180320912
A[T>A]C	0.00010424311122456231	0.0006423954979929647	0.003149248395030284	4.3831633360857936e-07	0.005606928557431239	0.005886829990188822	0.0020344736269350943	0.008836974358423504
A[T>A]G	0.0004933771768430973	0.0008123709082813235	0.0006706137878484242	0.0006337202623734228	0.0019728165079474992	0.0016851233626290706	0.0005888487983381907	0.002028224751375092
A[T>A]T	0.00021367525170546743	0.0010092021870380563	0.004460235732725124	0.0008719732190168017	0.010176289834011022	0.010897586105238588	0.00644102791365512	0.0058619943416429975
A[T>C]A	0.0009699015779688125	0.003967266253056891	0.00968007597222087	0.0018815479228275252	0.02283404838168768	0.011249466260014884	0.005220554601083052	0.010529273441624909
A[T>C]C	0.00045703610053134726	0.0023155193715575706	0.006241405551056687	0.0030641458940488062	0.02190379264137789	0.015107655166086573	0.009942323175958997	0.028882355346248615
A[T>C]G	0.003018116561221689	0.005210035411859627	0.015073973841711562	0.0003675940791063148	0.03152755140158547	0.01297878022863415	0.045459580216103176	0.052036825695804506
A[T>C]T	0.0012161903647091065	0.001752732130358936	0.002119541462131674	0.002126177051718514	0.006626714220276994	0.007177085079218557	0.00332637888862223	0.006399115031769895
A[T>G]A	1.1778825325734487e-05	6.036279780628595e-05	0.0003272843144597104	0.0026588788664957974	0.00031336938061905074	0.00015325906843922433	2.8609724014541093e-05	0.00024297091044630292
A[T>G]C	7.343373780589246e-05	0.0005916803270377712	0.0009499909335715983	0.0019205529863165793	0.000686560613014251	0.001913653143924421	0.00093413484094647	0.0017804587666360304
A[T>G]G	0.00045730263494577985	0.00046345190851980076	0.0009904789749491981	0.002080113385574549	0.001067822153214344	0.0023853608288241855	0.0006755603576043257	0.0015426990943092278
A[T>G]T	0.00020682322819013166	0.0002436044864484188	0.0031170955107453074	0.025199179900810123	0.001658518984354842	0.0005677485855408548	0.00020556971951705806	0.0010693834294924188
C[C>A]A	5.2281523199582125e-05	0.003307562377298581	0.010619220105570547	0.0005519271486638022	0.01599334216853748	0.016260130824757083	0.022044190091605742	0.007093139120397396
C[C>A]C	0.002927178167788327	0.00611789614570398	0.012390616153770396	0.00020259216929995104	0.03854664943595992	0.03869024424276745	0.02199157973114154	0.011519414496584375
C[C>A]G	0.00043192692794815165	0.00023495196758643644	0.0033173978211792133	3.294586704782887e-08	0.01013459270156571	0.005608852240778788	0.021238355306820722	0.023869062165464357
C[C>A]T	0.0048460315807280765	0.009092351920866406	0.01450114692681268	0.006533093820011544	0.02140737753887322	0.026332344933551716	0.2531012212485075	0.018666701996499314
C[C>G]A	0.0001662080226392737	0.0001594063883359098	0.00023297926035844796	8.191918606126336e-08	0.0008307075182194268	0.00019154042501345002	0.0001129478018472696	0.0007839997001411802
C[C>G]C	7.62262976289918e-05	2.8876459495709717e-05	7.31431609768629e-05	7.432545982732908e-08	0.0003171495821319326	0.0003124497674684079	0.00028724109690994484	0.0004738559940325615
C[C>G]G	0.0004237801454061874	0.0001886178177682396	0.00031077322084373195	4.120990619860265e-08	0.0012224078621470014	0.00039225590529476053	0.000544094197780538	0.0015121783725243177
C[C>G]T	0.00022133799231667693	0.0001345847870296768	0.0003240023202550901	0.0022942804500021906	0.0006593659380305006	0.00037424420066606957	0.0011513492022685056	0.0006442891625839308
C[C>T]A	0.0015453048728107889	0.002111587425471164	0.010518088685599877	0.0003847716572146709	0.014720393611762006	0.017107181229570757	0.015259618223117286	0.005887800993219514
C[C>T]C	0.0019262358911798572	0.011952803551264211	0.005111590006796405	0.0007164519555144011	0.011435634925068853	0.01671056789341975	0.026407893182545196	0.006443856535922805
C[C>T]G	0.28758729490124096	0.006031657589320787	0.038982968799264765	7.266816922587793e-05	0.16674587733453136	0.012489848129077512	0.017827352987197287	0.016718426478069842
C[C>T]T	0.0026987467574731737	0.010970474785676743	0.0021957807503662254	0.0016727150624898002	0.006300561234287869	0.013153567521627565	0.013130576543045436	0.0027188580636061488
C[T>A]A	0.0002667288913226429	0.00020595286425256987	0.000532406176784015	0.0001292039845060522	0.00021247109638032667	0.0008964330912681539	0.0005034053468155264	0.00048174243113509264
C[T>A]C	0.00024285910416210754	0.0008292636532172537	0.0024670335931443787	0.00043318436150521224	0.00471611275815706	0.007117462585090131	0.004519001095906247	0.003072826548321075
C[T>A]G	0.00021764047483536635	0.0012321529028163525	0.0010667727328335808	0.00028286947101559436	0.0033558547845602502	0.003398024746765387	0.0010770103568805921	0.012378056481181829
C[T>A]T	0.00033099766002411715	0.0007442008823369406	0.0023008721219245844	4.252888162309176e-05	0.004329066098689225	0.005460045744593636	0.0017580284235804977	0.002353785990764763
C[T>C]A	0.0005531659750025142	0.0016551359143322487	0.0039645598114672964	0.00019359286262648378	0.010137221965923829	0.011982999711224806	0.007805112902635187	0.016532517905172312
C[T>C]C	0.0014533258904854663	0.0040364813868214375	0.009858093219185661	0.0006289940353854462	0.009173588970601188	0.017339075795186402	0.009536426209209452	0.028285448569392316
C[T>C]G	0.0013729404443665711	0.0005577550523371483	0.001793561633810512	9.152930629632294e-05	0.06713138969556212	0.00672120515845208	0.03685701759259786	0.10974038866190199
C[T>C]T	0.00038031409551038566	0.0015642882073279908	0.005690427551764188	0.000704420378189532	0.013723490456542323	0.013015768231147149	0.007854781544175467	0.015358240640626946
C[T>G]A	5.714519732809009e-05	3.303594706681651e-05	0.00014538494954948077	0.0027315291177364997	0.0004490432382634424	0.0001730446063900182	0.0002502938191163828	0.00043097999076614714
C[T>G]C	0.0003199849905801955	0.00046388906731980483	0.001846548070643233	0.0003939200322530567	0.011264285677426074	0.00583942202281797	0.004218564094434711	0.013175044079845684
C[T>G]G	0.0018893629379788382	0.0004005481922715859	0.006329555715492461	0.0032660929237274417	0.0057180428365575155	0.004577165990358516	0.009960816028064983	0.014945684783762658
C[T>G]T	0.001457305643494351	0.0036738097239373247	0.009941954359515535	0.015504990023910068	0.012499152529785533	0.005113488744097054	0.009099973375820697	0.0051515775020134665
G[C>A]A	0.00012402713046263613	0.0006589647450459601	0.0027587846667240967	0.0023127426511615565	0.007196801220603391	0.006474095293405071	0.0029517200479100224	0.0026845116262407885
G[C>A]C	0.0005004248417323254	0.0030899798774365194	0.012129028204266774	0.0031949860195625845	0.016752257207646438	0.024931129685893155	0.009420903401428858	0.002275154946869975
G[C>A]G	0.00023292181922919043	0.0005719352782425347	0.002747370243772469	5.3044402050783646e-08	0.006810041655342118	0.005078194819718362	0.0010951439774189047	0.004695193561633193
G[C>A]T	3.286605131037845e-05	0.020468642909030735	0.01316952080726395	0.007127638828326468	0.01570708086322952	0.031435638792579684	0.01763368310340951	0.004663917953259613
G[C>G]A	0.00010775120051984998	8.537305636355797e-05	0.0007249423307348835	7.60228518153383e-05	0.0020703159722914675	0.0012901530290928066	0.0005063965319378383	0.0008495881435021069
G[C>G]C	0.000462727925799058	0.00011898163022181052	0.0024634038813120184	0.0012508393613989365	0.013765461430346591	0.007545269908954992	0.005227201256038399	0.0068923873486861
G[C>G]G	0.000523449173766366	0.0004618987532385965	0.0006138164604398178	3.330121796540908e-08	0.0014377512007170167	0.0002279674932890785	0.0003734795209234676	0.0008651230151089351
G[C>G]T	0.0019011971030653996	9.99984688920108e-05	0.0007464580065969709	3.2325089911466874e-08	0.004932602978834879	0.002257273272940914	0.00141830536149536	0.001159461805484625
G[C>T]A	0.013061798541681355	0.013041603835576154	0.017239681935604947	0.00017376285450694694	0.07175675745419881	0.054335741061200336	0.03884329502811056	0.00691717258446431
G[C>T]C	0.008883410513717535	0.1412710194613652	0.019011812154361395	0.009551597917363494	0.027421638182486278	0.11353555284656296	0.05736337589627851	0.024509530299333733
G[C>T]G	0.24068652339571606	0.492989310324192	0.07035662867889197	0.005035640786634304	0.025351976430960967	0.014893835038861027	0.017180826053195986	0.010267845358091414
G[C>T]T	0.0006759920829534849	0.06205726179429348	0.01678983497636068	0.009487162805839944	0.010164840169812237	0.02875183528138763	0.02065935965542394	0.01796868040288629
G[T>A]A	0.00010383533109465049	0.0001911344235115564	0.0006463360095705362	9.581647621278361e-05	0.0013537377175191169	0.0011992357210057136	0.0008013227270613577	0.0006117253502437592
G[T>A]C	0.0008631582644650849	0.0010881476707116633	0.003739133678393216	0.00035158750742525816	0.004606845334818672	0.0038242101985891024	0.00268007982212211	0.004845054171619409
G[T>A]G	4.8574027699288534e-05	0.0014766348565381903	0.008367141336733113	1.974841005780714e-08	0.031599101093688235	0.010366728176801558	0.009037284998180439	0.011753059505157353
G[T>A]T	0.0002575171588354408	0.000620147320512352	0.001562337420198645	0.0002127864440423899	0.003258587640550701	0.002704072954396537	0.0032907443291577466	0.002614107869603188
G[T>C]A	0.00033922573646819385	0.0057160943337469525	0.007693518520184171	0.006318160674003934	0.011464871361658595	0.013384226445223817	0.013579854062489573	0.14972893343307078
G[T>C]C	0.00015355121802994556	0.02217880361110417	0.02350417410120561	0.006344140035432702	0.009876238095212955	0.01885631464074862	0.004363967261349444	0.03315803503453594
G[T>C]G	0.0020265446967610502	0.004452056711157297	0.008539339647714427	0.001961392870208769	0.03945191495666222	0.025690357938148053	0.01663768682694098	0.07303382917600629
G[T>C]T	0.0008425238833333992	0.001426827667485624	0.007245067235460283	0.0065457289715595834	0.00431813916923602	0.01576126771891609	0.006473175538172766	0.02933889996507446
G[T>G]A	0.00014478926118862033	0.00022673366317270017	0.00031325657741533065	0.0018404048335715116	0.0002121559773494397	6.145538152285468e-05	0.0001826507154439838	3.164497721996895e-07
G[T>G]C	0.0006991779947173082	0.00037400864940522637	0.0017755852932778992	0.0037860334923311713	0.0007362973768849201	0.001675839405707329	0.0008581220126648859	0.002770636149697907
G[T>G]G	2.7072736347832915e-07	0.0005323438034148255	0.0010987662852843983	0.0015294145021565698	0.003105815101666316	0.003217625436183411	0.0014545771850195876	0.007281415781220915
G[T>G]T	1.2997498887301617e-05	0.0009156466066016123	0.007511816320013338	0.003953017307289883	0.005220979640428283	0.00268547198970424	0.002669944299739715	0.004853893140683567
T[C>A]A	3.104582751234375e-06	6.443613116857704e-07	0.0012625788202874234	0.07520029090344905	4.7369118215172535e-05	0.00047433338947534766	0.0004995971227666374	0.0001533591079706298
T[C>A]C	0.0007615881652757395	0.0024240471578235658	0.006182373541187474	0.005592990210047901	0.006813682859698389	0.006225243788114767	0.007413797185390436	0.0019267040093433252
T[C>A]G	0.000188904902642949	0.00027522625111707554	0.0026252640125201763	0.0030840854062120114	0.0037367032659015907	0.0047147644771163046	0.0007200820330579205	0.0014103201982281278
T[C>A]T	2.366340959270019e-07	1.5905567810747812e-06	1.868983277738323e-05	0.42844729155302047	1.8309464121552856e-06	2.6919560411897704e-06	1.912424152492615e-06	1.1011657520043626e-06
T[C>G]A	5.293829229605779e-07	0.0004365506638236205	0.00034133318206210463	7.184204389247384e-05	0.0007960450005635122	0.0007921913767401989	0.0008550890242781861	0.000489043068828039
T[C>G]C	0.00039375178139852804	0.00033400523699866013	0.0003222119538704593	0.0003410132739871763	0.00038115008149610665	0.000376682772056931	0.0006156445294714086	0.0005511378893134289
T[C>G]G	1.2177486516513625e-05	3.05406100371397e-05	0.00016962766076693116	1.0443103720225722e-07	0.0006323754487776511	0.00032371016697155144	0.00022849971234826684	0.00040364344284778755
T[C>G]T	0.0010731618230860461	0.00027208880225733644	0.001990007003515757	0.0002970553554515831	0.0027233197361313678	0.0035416491709349884	0.0012627579735460515	0.0015465212928511462
T[C>T]A	0.0011026867496863701	0.008757957956274537	0.007539864255610382	0.00385306719456878	0.005930236608054997	0.011821895221645277	0.010375446010279604	0.0022116732877491786
T[C>T]C	0.0010484506749219235	0.026288002306641137	0.025951954930095836	0.013268451202569621	0.002881562980237824	0.009381598156749361	0.002539335964262861	0.002449461721307813
T[C>T]G	0.053979433164350894	0.0018509029300972201	0.42362618074201236	0.14711558912765946	0.004587583610500303	0.0023976688424914984	0.003636569345830125	0.0018050125444866877
T[C>T]T	0.0003617130539630864	0.004834751424099336	0.015915477767773467	0.030713908310588067	0.007218916666976724	0.00902328974852935	0.0031673381227210486	0.0019737584726630076
T[T>A]A	0.0001843037213866694	0.00025447869961047755	0.0005427496274257849	7.342852392788757e-08	0.0025624230037633922	0.0020479627796674295	0.0004114091251962293	0.002444048505338543
T[T>A]C	1.7469811551507067e-06	0.0003265454832050274	0.0008012379668197056	0.000322418731696672	0.0019457649631659248	0.001820282311411976	0.0008294163369653873	0.002437193225797003
T[T>A]G	3.264066001939625e-05	0.00012513096065660644	0.0003973716642230585	0.0005553935721072279	0.0011026468205470508	0.0010964463413390523	0.000639366456054109	0.0007055942946686144
T[T>A]T	0.0001789627360426227	0.0006791613183560763	0.0014069182733330975	0.0015333558960671212	0.0010520742155646623	0.00229802046731578	0.0016035301508147625	0.000221652758062163
T[T>C]A	0.0003948936050765894	0.002930659338006899	0.004470000112603181	0.0002900888913025668	0.003926276873159722	0.00926528199604462	0.005912032468722201	0.019347766702819645
T[T>C]C	0.0001317251959712351	0.004967885454043994	0.003986536799333748	0.0035418963704145767	0.0031800055428226415	0.010292418038714892	0.01867817392787714	0.010590708026387006
T[T>C]G	0.0008757015775420029	0.0016729072437451009	0.007686369406104632	0.0011506733294259774	0.015610144209696131	0.013415727192000872	0.014381406181168899	0.024129464031842362
T[T>C]T	0.00038342512187796276	0.0030984916341449775	0.0038185928012538016	0.004423931761557327	0.008926690994772724	0.008858017495898879	0.002754850078737622	0.006912601007229995
T[T>G]A	4.359015682773304e-06	2.1417307079829583e-06	4.148322520446612e-05	0.008637266089208425	6.163180270213787e-05	2.4231937854430894e-05	1.4990830630745577e-05	0.00016255993962581262
T[T>G]C	0.00010005906249240582	0.0005107718615763268	0.0021335669723194428	0.005521281552093455	0.0027924972136342775	0.001002530276463176	0.0011418222956135083	0.0018056211194684125
T[T>G]G	0.00018867185051711034	0.00023685556982785627	0.000590181537641481	0.00024685952845860727	0.0017022690814424203	0.0011643319879000647	0.0008819817559524895	0.001946690846678305
T[T>G]T	8.206450113057428e-07	3.992326087855132e-06	0.0001886554915178072	0.08926204558461905	4.38154897560139e-05	1.4145801052523054e-06	7.297120096083631e-07	1.209396030787957e-06
