NMF_Replicate	L1	L1 %	L2	L2 %	KL Divergence	Correlation	Convergence Iterations
1	46.453	129.883	11.515	84.605	1.494	0.484	20000.0
2	46.232	130.303	11.231	84.492	1.537	0.479	20000.0
3	46.656	131.333	11.488	85.612	1.602	0.467	40000.0
4	45.96	131.829	10.914	84.709	1.579	0.472	20000.0
5	46.751	132.648	11.75	86.374	1.589	0.455	20000.0
6	47.129	133.525	11.979	87.014	1.601	0.446	20000.0
7	45.951	131.65	11.591	85.349	1.618	0.458	20000.0
8	46.217	130.874	11.385	84.279	1.546	0.481	20000.0
9	46.439	133.054	11.674	86.381	1.6	0.448	20000.0
10	45.859	131.181	11.301	84.734	1.562	0.477	30000.0
11	45.136	129.549	11.532	85.324	1.561	0.473	20000.0
12	46.872	132.491	11.775	85.993	1.594	0.457	20000.0
13	46.293	130.984	11.154	86.14	1.594	0.452	20000.0
14	45.965	132.684	11.556	85.648	1.618	0.46	20000.0
15	45.97	132.501	11.464	86.551	1.577	0.456	20000.0
16	46.11	132.807	11.194	84.861	1.563	0.469	20000.0
17	46.843	132.444	11.041	85.36	1.567	0.469	20000.0
18	46.115	133.12	11.383	86.279	1.579	0.456	20000.0
19	46.815	132.529	11.699	85.454	1.579	0.462	20000.0
20	46.391	132.756	11.769	85.821	1.592	0.462	30000.0
21	46.365	131.649	11.583	86.106	1.558	0.467	20000.0
22	46.039	129.26	11.63	83.949	1.483	0.498	40000.0
23	45.858	130.176	11.276	84.626	1.539	0.483	20000.0
24	46.099	128.577	11.557	84.056	1.518	0.493	20000.0
25	45.501	131.508	11.39	86.166	1.573	0.459	20000.0
26	45.819	130.866	11.467	85.569	1.584	0.469	20000.0
27	47.173	134.436	11.598	86.896	1.582	0.446	40000.0
28	46.981	132.369	11.916	86.631	1.593	0.451	20000.0
29	47.296	133.466	12.146	87.429	1.591	0.442	20000.0
30	46.312	131.963	11.313	84.645	1.575	0.473	30000.0
31	46.363	132.284	11.874	86.188	1.594	0.457	20000.0
32	46.757	134.352	11.469	85.901	1.631	0.451	20000.0
33	46.872	132.541	11.39	84.401	1.598	0.48	20000.0
34	45.748	129.476	11.53	84.88	1.544	0.483	20000.0
35	46.789	132.849	11.816	86.955	1.598	0.446	30000.0
36	45.956	132.4	11.75	86.331	1.589	0.451	30000.0
37	46.793	131.899	11.765	84.443	1.552	0.487	20000.0
38	45.042	130.469	11.333	85.124	1.561	0.467	20000.0
39	45.996	130.085	11.37	85.091	1.559	0.474	40000.0
40	45.826	130.641	11.336	84.805	1.569	0.482	20000.0
41	45.774	129.778	11.407	85.129	1.537	0.477	20000.0
42	47.542	133.582	12.065	86.834	1.63	0.441	20000.0
43	46.627	130.423	11.359	85.212	1.555	0.47	20000.0
44	46.719	133.192	11.774	85.958	1.569	0.466	20000.0
45	46.012	130.438	11.318	84.255	1.562	0.479	30000.0
46	46.308	131.251	11.743	86.373	1.569	0.456	30000.0
47	47.61	135.354	11.811	87.524	1.638	0.432	20000.0
48	45.729	132.414	11.415	85.825	1.611	0.458	20000.0
49	47.47	134.111	11.951	87.277	1.606	0.443	20000.0
50	46.042	132.149	11.702	85.908	1.593	0.461	30000.0
51	46.788	133.039	11.568	86.136	1.642	0.451	20000.0
52	46.219	129.185	11.403	84.023	1.53	0.488	20000.0
53	46.109	131.171	11.57	86.408	1.579	0.453	20000.0
54	46.048	130.835	11.669	85.609	1.565	0.467	20000.0
55	47.349	134.178	11.639	86.419	1.6	0.45	30000.0
56	45.413	131.909	11.316	85.065	1.588	0.465	20000.0
57	46.867	134.856	11.787	87.634	1.67	0.431	30000.0
58	46.137	130.391	11.687	85.153	1.571	0.472	20000.0
59	46.92	133.866	11.5	86.318	1.598	0.446	40000.0
60	46.729	132.45	11.805	85.85	1.568	0.466	20000.0
61	46.105	131.377	11.667	85.607	1.577	0.466	30000.0
62	46.399	131.996	11.41	85.275	1.584	0.472	20000.0
63	46.716	132.898	11.703	86.326	1.594	0.461	20000.0
64	46.11	130.557	11.413	84.525	1.578	0.478	20000.0
65	46.261	131.026	11.698	84.951	1.579	0.472	20000.0
66	46.082	132.131	11.467	85.58	1.605	0.464	20000.0
67	46.743	132.132	11.679	86.457	1.611	0.447	20000.0
68	46.599	134.507	11.781	87.444	1.624	0.443	20000.0
69	46.546	131.723	11.487	85.554	1.555	0.467	20000.0
70	46.746	135.181	11.865	87.848	1.69	0.421	20000.0
71	46.333	130.569	11.711	86.079	1.571	0.466	30000.0
72	46.286	130.892	11.647	85.898	1.571	0.459	20000.0
73	46.965	133.098	11.529	86.958	1.594	0.445	20000.0
74	46.784	134.048	11.71	87.263	1.612	0.437	20000.0
75	45.734	129.743	11.56	84.476	1.512	0.488	20000.0
76	45.261	130.526	11.417	84.918	1.544	0.474	20000.0
77	47.243	132.015	11.998	86.25	1.593	0.461	20000.0
78	45.771	129.573	11.22	84.323	1.547	0.49	20000.0
79	47.284	135.621	11.751	87.26	1.649	0.43	20000.0
80	47.429	133.566	11.705	86.537	1.594	0.452	20000.0
81	46.33	132.495	11.167	86.15	1.587	0.454	20000.0
82	45.507	129.242	11.411	84.028	1.488	0.494	20000.0
83	47.87	135.685	12.166	88.279	1.659	0.424	20000.0
84	46.094	131.484	11.386	84.987	1.545	0.475	30000.0
85	46.357	132.261	11.221	86.343	1.576	0.453	30000.0
86	46.289	131.2	11.333	85.079	1.56	0.47	30000.0
87	46.754	130.975	11.512	85.024	1.566	0.474	30000.0
88	46.718	132.606	11.456	86.04	1.615	0.453	40000.0
89	45.842	129.862	11.325	85.737	1.497	0.47	20000.0
90	46.222	132.823	11.148	85.959	1.601	0.454	20000.0
91	46.576	132.16	11.556	85.615	1.567	0.461	20000.0
92	46.07	130.324	11.576	85.468	1.562	0.465	30000.0
93	45.792	131.181	11.67	85.704	1.558	0.466	20000.0
94	46.073	133.558	11.348	86.125	1.585	0.456	30000.0
95	46.17	131.218	11.343	85.759	1.55	0.465	20000.0
96	46.76	130.58	11.433	84.424	1.553	0.482	20000.0
97	47.165	133.286	11.814	87.767	1.622	0.435	20000.0
98	45.576	129.164	11.465	84.765	1.527	0.483	20000.0
99	45.976	132.434	11.559	86.089	1.575	0.457	20000.0
100	46.603	130.208	11.923	85.411	1.591	0.468	20000.0
