MutationsType	SBS1	SBS5	SBS10a	SBS10b	SBS15	SBS20	SBS42	SBS54
A[C>A]A	0.00088616	0.01199760	0.00219017	0.00018200	0.00094420	0.00061928	0.00116025	0.00216036
A[C>A]C	0.00228040	0.00943811	0.00177014	0.00653991	0.00049711	0.00139064	0.02060448	0.00079613
A[C>A]G	0.00017703	0.00184963	0.00015001	0.00005350	0.00004611	0.00002181	0.00003341	0.00164027
A[C>A]T	0.00128023	0.00660868	0.01700132	0.00001630	0.00111024	0.00124057	0.00797173	0.00041407
A[C>G]A	0.00186033	0.01009798	0.00000000	0.00030500	0.00011302	0.00877402	0.00040609	0.00155026
A[C>G]C	0.00122022	0.00569886	0.00002430	0.00013400	0.00026906	0.00151069	0.00050611	0.00049608
A[C>G]G	0.00011502	0.00171966	0.00000000	0.00000000	0.00003071	0.00046921	0.00001770	0.00170028
A[C>G]T	0.00114020	0.01009798	0.00000000	0.00000000	0.00032507	0.00442202	0.00043109	0.00518086
A[C>T]A	0.02500444	0.03259348	0.00104008	0.00054899	0.00505108	0.04932257	0.02240487	0.00148024
A[C>T]C	0.00632112	0.01789642	0.00083406	0.00524993	0.00691148	0.01300595	0.03980865	0.00052909
A[C>T]G	0.36506477	0.00617876	0.00557043	0.00041399	0.07451595	0.01330609	0.00044010	0.00034306
A[C>T]T	0.00958170	0.02199560	0.00299023	0.00792989	0.00178038	0.01300595	0.03520765	0.00499083
A[T>A]A	0.00080014	0.00737852	0.00005070	0.00181997	0.00204044	0.00051123	0.01330289	0.00095616
A[T>A]C	0.00223040	0.00692861	0.00019402	0.00033700	0.00084118	0.00519238	0.00401087	0.00319053
A[T>A]G	0.00114020	0.00911818	0.00000000	0.00002340	0.00054012	0.00030314	0.00501109	0.00423070
A[T>A]T	0.00018303	0.00619876	0.00666052	0.00284996	0.00954204	0.02561172	0.00685149	0.00030105
A[T>C]A	0.00109019	0.04619076	0.00074506	0.00934987	0.00389083	0.01070490	0.01160252	0.02920483
A[T>C]C	0.00304054	0.01339732	0.00362028	0.00050999	0.00196042	0.00455208	0.00351076	0.00775128
A[T>C]G	0.00010602	0.03819236	0.00214017	0.00053099	0.00024005	0.01860852	0.00856186	0.20203344
A[T>C]T	0.00574102	0.03829234	0.00336026	0.00015000	0.00092920	0.00010305	0.00270059	0.00783130
A[T>G]A	0.00017203	0.00385923	0.00192015	0.00003470	0.00046810	0.00001050	0.00120026	0.00003871
A[T>G]C	0.00020704	0.00259948	0.00124010	0.00005330	0.00041509	0.00002131	0.00040509	0.00158026
A[T>G]G	0.00026805	0.00793841	0.00032002	0.00052299	0.00018504	0.00002691	0.00063714	0.00115019
A[T>G]T	0.00011202	0.00482903	0.00922072	0.00000000	0.00363078	0.00005823	0.00091120	0.00034006
C[C>A]A	0.00031206	0.00742851	0.00318025	0.00052099	0.04180895	0.03761721	0.01160252	0.00006321
C[C>A]C	0.00179032	0.00613877	0.00020202	0.00317996	0.00505108	0.09894528	0.03280713	0.00257043
C[C>A]G	0.00009322	0.00345931	0.00004640	0.00008380	0.00006621	0.00743340	0.00188041	0.00593098
C[C>A]T	0.00000000	0.00648870	0.01730134	0.00832988	0.02870615	0.25211537	0.02110459	0.00553092
C[C>G]A	0.00002410	0.00695861	0.00004570	0.00002990	0.00008362	0.00007694	0.00426093	0.00113019
C[C>G]C	0.00007681	0.00906819	0.00000000	0.00000000	0.00001700	0.00000438	0.00662144	0.00088315
C[C>G]G	0.00035206	0.00248950	0.00002010	0.00000000	0.00005021	0.00018809	0.00047010	0.00043407
C[C>G]T	0.00000000	0.00952809	0.00003010	0.00000000	0.00008452	0.00001010	0.00684149	0.00133022
C[C>T]A	0.00200035	0.01939612	0.00003680	0.00015100	0.01080231	0.01060485	0.01870407	0.00337056
C[C>T]C	0.00027005	0.01899620	0.00000000	0.00008440	0.01110238	0.01300595	0.04811046	0.00022604
C[C>T]G	0.19603478	0.01749650	0.00000000	0.00369995	0.02480531	0.01650755	0.00192042	0.02830468
C[C>T]T	0.00019603	0.02309538	0.00010301	0.00059499	0.01560334	0.01170536	0.03290715	0.00371061
C[T>A]A	0.00004301	0.00353929	0.00000000	0.00007090	0.00034807	0.00014407	0.01260274	0.00000000
C[T>A]C	0.00039307	0.00518896	0.00000000	0.00010600	0.00024405	0.00648297	0.00172037	0.00073212
C[T>A]G	0.00032406	0.00500900	0.00000000	0.00000000	0.00008202	0.00012306	0.01490324	0.00192032
C[T>A]T	0.00026005	0.00429914	0.00037603	0.00023400	0.00105022	0.00010205	0.00757165	0.00006661
C[T>C]A	0.00000000	0.01329734	0.00012201	0.00131998	0.00075016	0.01170536	0.00354077	0.01140189
C[T>C]C	0.00250044	0.01039792	0.00004120	0.00012400	0.00215046	0.00483221	0.00313068	0.01700281
C[T>C]G	0.00036006	0.02079584	0.00105008	0.00002530	0.00139030	0.02611195	0.00356077	0.19303195
C[T>C]T	0.00004261	0.01489702	0.00000244	0.00081499	0.00175037	0.00690316	0.00324070	0.02690445
C[T>G]A	0.00003551	0.00258948	0.00015501	0.00022700	0.00020604	0.00096344	0.00087019	0.00436072
C[T>G]C	0.00021204	0.00460908	0.00000000	0.00114998	0.00015703	0.00160073	0.00075316	0.01890313
C[T>G]G	0.00012802	0.00612877	0.00005350	0.00047899	0.00027206	0.00271124	0.00568124	0.02210366
C[T>G]T	0.00017103	0.00729854	0.00130010	0.00522993	0.00249053	0.00511234	0.00348076	0.00088615
G[C>A]A	0.00158028	0.01019796	0.00121009	0.00073099	0.00229049	0.01080494	0.00771168	0.00519086
G[C>A]C	0.00033906	0.00764847	0.00044103	0.00254996	0.00249053	0.00565259	0.02680583	0.00913151
G[C>A]G	0.00058710	0.00233953	0.00001050	0.00008520	0.00040409	0.00157072	0.00106023	0.00564093
G[C>A]T	0.00000000	0.00681864	0.01110086	0.00279996	0.01820390	0.00249114	0.01810394	0.00673111
G[C>G]A	0.00000959	0.00467906	0.00001500	0.00001720	0.00099421	0.00066931	0.00240052	0.00219036
G[C>G]C	0.00016403	0.00507898	0.00008311	0.00013600	0.00060813	0.00286131	0.00142031	0.00022004
G[C>G]G	0.00016603	0.00150970	0.00000000	0.00000000	0.00001010	0.00069232	0.00022305	0.00159026
G[C>G]T	0.00000000	0.00671866	0.00003540	0.00011300	0.00045110	0.00302138	0.00277060	0.00494082
G[C>T]A	0.00444079	0.01939612	0.00004220	0.00036299	0.07371578	0.04221932	0.03360731	0.00022204
G[C>T]C	0.00009282	0.02159568	0.01250097	0.01509979	0.12902762	0.05322436	0.15203305	0.01310217
G[C>T]G	0.21803869	0.01229754	0.01490116	0.01259982	0.27705932	0.02050939	0.00455099	0.01910316
G[C>T]T	0.00003841	0.01859628	0.01350105	0.03189955	0.07721653	0.03311515	0.08651881	0.00024804
G[T>A]A	0.00008121	0.00366927	0.00000331	0.00000000	0.00051111	0.00005563	0.01200261	0.00233039
G[T>A]C	0.00012902	0.00290942	0.00000000	0.00012300	0.00058913	0.00256117	0.00184040	0.00899149
G[T>A]G	0.00024604	0.00410918	0.00007301	0.00000000	0.00018704	0.00213098	0.00777169	0.00264044
G[T>A]T	0.00025805	0.00321936	0.00042603	0.00010800	0.00084018	0.00430197	0.00325071	0.00185031
G[T>C]A	0.00105019	0.01409718	0.00220017	0.01469979	0.01290276	0.00276126	0.00582127	0.01140189
G[T>C]C	0.00190034	0.00793841	0.00628049	0.00532993	0.01160248	0.00226103	0.00331072	0.00443073
G[T>C]G	0.00117021	0.01499700	0.00000000	0.00137998	0.00595127	0.00406186	0.00321070	0.12102003
G[T>C]T	0.00007131	0.01369726	0.00529041	0.01149984	0.00586125	0.00092842	0.00239052	0.00541090
G[T>G]A	0.00000000	0.00251950	0.00020402	0.00048099	0.00020304	0.00000000	0.00114025	0.00017003
G[T>G]C	0.00000000	0.00170966	0.00083306	0.00094199	0.00058012	0.00006653	0.00007052	0.00153025
G[T>G]G	0.00034806	0.00529894	0.00000000	0.00172998	0.00034707	0.00008704	0.00041009	0.00000000
G[T>G]T	0.00001460	0.00234953	0.00221017	0.00515993	0.00139030	0.00356163	0.00092020	0.00001210
T[C>A]A	0.00006581	0.00785843	0.09400730	0.00044599	0.01720368	0.00171078	0.00510111	0.00066911
T[C>A]C	0.00253045	0.00916817	0.00997077	0.00379995	0.00581124	0.00337154	0.05401174	0.00004051
T[C>A]G	0.00000000	0.00229954	0.00116009	0.00057299	0.00007692	0.00000000	0.00090420	0.00082814
T[C>A]T	0.00000588	0.01269746	0.67005203	0.08159886	0.00805172	0.00090441	0.02730594	0.00720119
T[C>G]A	0.00000000	0.00780844	0.00005550	0.00000000	0.00021405	0.00012906	0.00055912	0.00469078
T[C>G]C	0.00020304	0.00759848	0.00000000	0.00000000	0.00006121	0.00002821	0.00187041	0.00051709
T[C>G]G	0.00006941	0.00170966	0.00000000	0.00000000	0.00005841	0.00012406	0.00020705	0.00123020
T[C>G]T	0.00156028	0.01249750	0.00005450	0.00004340	0.00017404	0.00112051	0.00038108	0.00031105
T[C>T]A	0.00111020	0.02029594	0.00036603	0.00272996	0.02650567	0.00807369	0.00482105	0.00000000
T[C>T]C	0.00003731	0.02299540	0.00276021	0.04849932	0.00956205	0.00919421	0.03270711	0.00066111
T[C>T]G	0.11001952	0.01589682	0.00279022	0.43699388	0.02120454	0.00264121	0.00036408	0.00000000
T[C>T]T	0.00000000	0.02099580	0.02280177	0.12799821	0.00174037	0.00005002	0.01510328	0.00023604
T[T>A]A	0.00672119	0.00630874	0.00204016	0.00305996	0.00109023	0.01200549	0.00850185	0.00155026
T[T>A]C	0.00000000	0.00413917	0.00036003	0.00066499	0.00015703	0.00031815	0.00226049	0.00017903
T[T>A]G	0.00002800	0.00478904	0.00069305	0.00007060	0.00014903	0.00017608	0.00533116	0.00032905
T[T>A]T	0.00225040	0.00874825	0.00529041	0.00151998	0.00047510	0.00671307	0.00352077	0.00000000
T[T>C]A	0.00025505	0.01799640	0.00073006	0.00885988	0.00342073	0.01380632	0.00682148	0.00473078
T[T>C]C	0.00339060	0.00970806	0.00517040	0.00008100	0.00592127	0.01660760	0.00303066	0.00819136
T[T>C]G	0.00041607	0.01269746	0.00036303	0.00066799	0.00132028	0.01200549	0.00341074	0.08841463
T[T>C]T	0.00433077	0.01849630	0.00325025	0.00002510	0.00135029	0.01930884	0.00236051	0.01250207
T[T>G]A	0.00000000	0.00521896	0.00269021	0.01129984	0.00023105	0.00000000	0.00115025	0.00003241
T[T>G]C	0.00005511	0.00655869	0.00000000	0.00554992	0.00029406	0.00000000	0.00027406	0.00070612
T[T>G]G	0.00058310	0.00693861	0.00002160	0.00275996	0.00014803	0.00279128	0.00293064	0.00769127
T[T>G]T	0.00000000	0.01349730	0.01890147	0.09089873	0.00599128	0.00151069	0.00174038	0.00049908
