NMF_Replicate	L1	L1 %	L2	L2 %	KL Divergence	Correlation	Convergence Iterations
1	32.811	113.218	7.557	72.344	1.184	0.639	40000.0
2	34.236	115.615	8.199	75.458	1.233	0.594	30000.0
3	33.982	115.553	8.117	74.979	1.263	0.601	40000.0
4	34.242	116.867	7.978	75.173	1.258	0.597	20000.0
5	33.379	117.01	7.893	75.489	1.266	0.594	30000.0
6	34.949	119.908	8.506	76.899	1.283	0.58	20000.0
7	34.713	117.346	8.332	74.921	1.263	0.597	30000.0
8	33.314	115.249	7.75	73.436	1.231	0.618	20000.0
9	34.155	117.532	8.187	75.797	1.279	0.581	40000.0
10	34.61	114.541	7.993	72.593	1.219	0.625	20000.0
11	33.462	114.236	8.111	74.484	1.244	0.61	20000.0
12	32.646	117.067	7.674	75.064	1.291	0.59	20000.0
13	33.82	116.24	7.689	75.887	1.269	0.582	40000.0
14	34.258	115.713	8.118	74.34	1.262	0.602	20000.0
15	32.254	116.364	7.342	75.329	1.277	0.592	20000.0
16	34.839	116.583	8.063	74.743	1.247	0.605	20000.0
17	34.652	117.086	7.651	74.982	1.244	0.6	20000.0
18	34.489	114.947	8.063	75.206	1.218	0.597	20000.0
19	33.733	114.816	8.0	74.323	1.223	0.608	40000.0
20	35.163	118.223	8.708	75.713	1.24	0.598	20000.0
21	34.587	117.427	7.962	74.703	1.239	0.607	40000.0
22	33.22	114.381	7.956	73.255	1.182	0.629	20000.0
23	33.174	116.599	7.815	75.707	1.276	0.59	30000.0
24	33.73	114.636	7.853	74.304	1.233	0.611	20000.0
25	34.072	118.575	7.896	76.533	1.279	0.583	40000.0
26	33.938	115.86	7.989	75.519	1.253	0.594	20000.0
27	33.655	116.166	8.086	74.34	1.218	0.601	20000.0
28	33.957	116.03	8.003	74.386	1.251	0.607	20000.0
29	33.643	116.703	8.058	74.862	1.253	0.602	40000.0
30	35.203	117.478	8.266	74.385	1.248	0.606	40000.0
31	34.376	113.704	8.374	73.665	1.23	0.622	20000.0
32	32.816	116.656	7.672	74.372	1.257	0.606	20000.0
33	33.969	114.705	7.923	73.866	1.258	0.612	20000.0
34	34.194	116.166	8.149	74.004	1.22	0.614	20000.0
35	35.766	118.039	8.481	75.573	1.263	0.594	20000.0
36	35.116	117.4	8.494	76.222	1.268	0.582	20000.0
37	34.175	115.879	8.05	73.855	1.235	0.62	20000.0
38	33.251	112.618	7.938	72.946	1.198	0.629	30000.0
39	34.49	115.596	7.844	74.241	1.253	0.607	50000.0
40	33.692	114.604	8.091	75.114	1.216	0.603	30000.0
41	33.566	115.781	7.683	73.921	1.221	0.608	20000.0
42	33.575	117.627	7.879	74.967	1.301	0.59	20000.0
43	33.715	117.524	7.653	75.979	1.24	0.581	20000.0
44	34.227	117.935	8.117	74.673	1.238	0.616	40000.0
45	31.593	113.659	7.098	73.212	1.236	0.611	30000.0
46	34.4	116.5	8.318	75.393	1.251	0.594	40000.0
47	33.714	121.31	7.782	76.792	1.321	0.57	20000.0
48	34.474	118.181	8.135	74.928	1.266	0.604	20000.0
49	33.103	119.257	7.876	77.838	1.33	0.563	40000.0
50	33.445	117.012	7.872	75.013	1.295	0.595	20000.0
51	35.572	118.224	8.426	75.862	1.265	0.587	20000.0
52	33.256	112.812	7.876	73.576	1.22	0.617	20000.0
53	34.381	115.859	8.319	75.504	1.23	0.595	20000.0
54	34.356	115.015	8.181	74.902	1.226	0.605	20000.0
55	33.493	117.683	7.627	75.341	1.278	0.59	20000.0
56	32.301	116.463	7.459	74.61	1.279	0.595	20000.0
57	33.971	118.816	7.952	76.041	1.292	0.578	20000.0
58	33.534	117.072	7.895	75.673	1.282	0.591	40000.0
59	33.615	118.464	7.53	75.422	1.282	0.588	20000.0
60	32.645	114.822	7.498	73.002	1.24	0.623	20000.0
61	33.565	114.567	7.988	73.232	1.226	0.627	20000.0
62	34.567	114.715	8.182	74.305	1.239	0.602	40000.0
63	33.764	116.656	8.059	75.734	1.267	0.59	40000.0
64	32.437	115.932	7.543	73.881	1.287	0.603	30000.0
65	33.384	115.362	7.98	75.038	1.265	0.598	20000.0
66	34.348	117.886	8.189	75.182	1.279	0.59	20000.0
67	34.008	117.227	7.822	74.651	1.277	0.597	20000.0
68	35.528	119.69	8.75	75.92	1.259	0.59	30000.0
69	34.464	114.638	8.018	73.598	1.226	0.627	30000.0
70	33.285	120.882	7.599	77.168	1.374	0.557	30000.0
71	33.577	115.651	7.829	74.747	1.251	0.604	40000.0
72	33.159	114.131	8.19	75.862	1.24	0.589	20000.0
73	34.522	118.354	7.832	75.089	1.249	0.591	20000.0
74	33.578	118.555	7.784	75.944	1.283	0.583	20000.0
75	33.386	114.53	8.243	74.715	1.209	0.617	30000.0
76	33.605	114.645	7.905	73.567	1.215	0.611	50000.0
77	33.879	117.189	8.053	75.115	1.265	0.599	20000.0
78	33.771	116.024	7.829	74.213	1.23	0.613	20000.0
79	34.603	119.918	8.176	76.231	1.278	0.579	20000.0
80	34.79	119.171	7.963	74.866	1.276	0.595	20000.0
81	34.576	117.855	7.836	76.149	1.272	0.585	30000.0
82	34.46	112.962	8.443	74.35	1.155	0.62	20000.0
83	35.661	121.659	8.597	77.333	1.325	0.568	30000.0
84	34.03	116.8	7.898	74.162	1.228	0.617	30000.0
85	33.451	115.624	7.622	74.021	1.232	0.612	40000.0
86	33.708	116.375	7.841	73.788	1.238	0.614	40000.0
87	34.294	117.614	8.099	74.703	1.264	0.607	20000.0
88	34.534	118.311	8.0	76.412	1.292	0.573	20000.0
89	33.221	115.883	7.709	74.796	1.208	0.611	30000.0
90	35.212	120.438	8.394	75.948	1.268	0.586	20000.0
91	33.047	117.31	7.524	75.95	1.298	0.588	20000.0
92	34.722	114.596	8.509	75.901	1.23	0.591	30000.0
93	34.491	115.234	8.314	73.615	1.206	0.624	40000.0
94	34.675	116.553	8.26	75.648	1.245	0.586	20000.0
95	34.177	114.564	8.199	75.383	1.208	0.594	30000.0
96	34.249	115.737	7.882	74.464	1.253	0.601	30000.0
97	34.545	118.466	7.995	76.32	1.298	0.58	20000.0
98	33.092	114.132	7.888	74.114	1.206	0.615	20000.0
99	35.038	115.342	8.512	75.378	1.235	0.59	20000.0
100	34.554	116.44	8.408	76.028	1.266	0.588	20000.0
