Samples	SBS96A	SBS96B	SBS96C	SBS96D	SBS96E	SBS96F	SBS96G	SBS96H	SBS96I
P-0000862-T01-IM3	7	6	0	1	0	7	7	0	7
P-0001020-T01-IM3	2	7	0	0	0	8	0	0	1
P-0001237-T02-IM6	17	1	2	0	15	0	7	6	0
P-0001685-T02-IM3	22	0	1	0	11	0	0	4	7
P-0002463-T01-IM3	2	11	6	0	3	0	0	19	0
P-0002671-T01-IM3	8	0	3	0	0	2	38	0	0
P-0003209-T01-IM5	42	5	6	0	9	0	1	0	0
P-0003796-T01-IM5	1	5	0	0	10	0	0	2	0
P-0004011-T01-IM5	16	19	12	0	0	0	3	0	0
P-0004051-T01-IM5	1	15	3	0	11	0	7	5	0
P-0004083-T01-IM5	4	0	0	0	0	8	0	0	0
P-0004362-T01-IM5	26	2	4	0	0	0	4	16	0
P-0004602-T01-IM5	14	10	10	0	0	0	5	2	0
P-0004738-T01-IM5	8	13	3	0	6	7	7	12	10
P-0004754-T01-IM5	19	14	3	0	11	6	0	3	0
P-0004783-T01-IM5	5	24	0	0	0	3	0	0	6
P-0004865-T01-IM5	5	3	30	106	0	1	0	2	0
P-0005151-T01-IM5	13	3	0	2	16	2	6	6	4
P-0005197-T01-IM5	17	2	7	0	7	0	8	0	0
P-0005230-T01-IM5	31	0	9	0	4	13	0	7	0
P-0005326-T01-IM5	7	6	8	0	0	13	1	9	6
P-0005443-T01-IM5	7	10	2	0	0	0	6	3	0
P-0005455-T01-IM5	17	2	3	2	0	0	5	9	0
P-0005529-T01-IM5	3	5	3	0	0	10	3	0	0
P-0005548-T01-IM5	17	19	12	0	0	9	4	0	0
P-0005560-T01-IM5	7	5	7	0	0	10	4	0	0
P-0005823-T01-IM5	28	4	4	2	8	0	7	9	0
P-0005824-T01-IM5	15	13	76	242	0	0	1	0	0
P-0005987-T01-IM5	1	5	0	2	0	0	0	10	4
P-0006170-T01-IM5	8	0	0	2	19	0	1	0	9
P-0006207-T01-IM5	5	6	0	3	0	19	7	0	0
P-0006365-T01-IM5	5	1	6	0	3	0	8	0	6
P-0006612-T01-IM5	16	15	166	151	0	0	13	0	0
P-0006753-T01-IM5	3	4	1	2	15	0	1	5	0
P-0006960-T01-IM5	24	81	37	66	21	3	49	6	60
P-0007055-T01-IM5	7	3	5	0	8	4	1	1	7
P-0007147-T01-IM5	11	20	15	2	7	36	6	15	7
P-0007296-T01-IM5	14	12	0	2	2	13	12	0	0
P-0007596-T01-IM5	10	21	3	0	0	0	8	2	0
P-0007688-T01-IM5	4	9	4	2	0	6	11	0	0
P-0007739-T01-IM5	0	7	0	0	3	6	0	5	0
P-0007831-T01-IM5	3	4	4	1	8	0	0	0	14
P-0007836-T01-IM5	26	0	2	0	13	0	1	4	0
P-0007843-T01-IM5	5	3	1	0	10	0	4	3	0
P-0007882-T01-IM5	3	12	0	0	4	6	1	0	6
P-0007997-T01-IM5	2	6	0	0	16	4	1	3	0
P-0008180-T01-IM5	10	17	2	0	0	10	7	4	2
P-0008226-T02-IM5	11	3	8	2	5	2	9	0	0
P-0008317-T01-IM5	25	5	3	0	0	0	2	4	0
P-0008504-T03-IM6	0	3	1	4	4	24	8	15	8
P-0008721-T01-IM5	10	7	2	2	3	2	4	8	16
P-0008729-T01-IM5	7	3	5	2	6	0	3	3	7
P-0008745-T01-IM5	11	4	0	0	7	0	0	0	0
P-0008746-T01-IM5	9	6	5	0	1	0	0	12	3
P-0009157-T01-IM5	0	7	2	0	0	9	8	0	0
P-0009830-T01-IM5	3	0	3	0	11	4	0	6	0
P-0009964-T01-IM5	4	1	3	0	2	1	6	4	3
P-0010167-T01-IM5	0	8	0	0	0	6	2	7	0
P-0010275-T01-IM5	12	12	2	0	6	0	5	3	1
P-0010308-T01-IM5	2	0	3	0	11	5	0	2	0
P-0010499-T01-IM5	1	7	61	70	4	0	2	10	0
P-0010587-T01-IM5	30	1	14	2	0	8	5	0	1
P-0010680-T02-IM6	3	0	0	2	3	0	0	0	22
P-0010783-T01-IM5	19	7	0	0	0	14	3	6	0
P-0010798-T01-IM5	0	0	0	0	6	8	1	0	0
P-0010929-T01-IM5	8	9	5	0	0	0	0	4	0
P-0011068-T01-IM5	5	6	1	0	5	0	2	5	0
P-0011071-T01-IM5	13	4	2	4	15	5	0	12	1
P-0011226-T01-IM5	17	12	5	0	16	0	2	0	0
P-0011235-T01-IM5	1	1	1	0	4	7	0	0	4
P-0011324-T01-IM5	33	0	7	0	5	5	0	0	0
P-0011357-T01-IM5	2	21	52	129	0	0	3	0	0
P-0012115-T01-IM5	8	9	0	0	2	0	0	6	0
P-0012249-T01-IM5	3	4	1	0	12	0	5	0	0
P-0012313-T01-IM5	12	6	2	2	8	4	0	3	3
P-0012402-T01-IM5	9	23	78	96	0	3	21	9	0
P-0013010-T01-IM5	25	10	13	0	0	27	2	0	0
P-0013082-T01-IM5	17	4	6	0	15	0	1	0	2
P-0013227-T01-IM5	1	4	2	0	8	1	11	9	1
P-0013357-T01-IM5	10	3	2	2	9	0	5	1	3
P-0013374-T01-IM5	16	23	0	0	0	0	0	4	6
P-0013400-T01-IM5	31	8	8	0	0	0	0	0	0
P-0013462-T01-IM5	4	0	2	0	0	2	5	13	2
P-0013492-T01-IM5	9	3	3	0	7	0	14	0	0
P-0013876-T01-IM5	7	13	5	0	0	12	2	1	2
P-0013981-T01-IM5	10	0	6	0	9	0	0	4	10
P-0014143-T01-IM5	1	8	3	0	4	4	1	2	13
P-0014258-T01-IM6	2	19	7	0	22	0	3	23	0
P-0014616-T01-IM6	7	7	0	0	3	0	3	0	0
P-0014787-T01-IM6	9	5	4	2	0	4	14	0	0
P-0014994-T01-IM6	11	9	1	0	0	0	5	0	10
P-0015237-T01-IM6	0	6	3	2	13	10	4	0	1
P-0015252-T01-IM6	15	8	2	0	2	0	0	3	1
P-0015416-T01-IM6	38	12	5	0	0	18	3	12	0
P-0015536-T01-IM6	6	2	4	2	2	0	13	11	3
P-0015699-T01-IM6	0	0	0	2	19	6	0	10	9
P-0015851-T01-IM6	11	1	1	0	3	1	0	0	9
P-0016314-T01-IM6	0	13	6	0	20	17	11	22	0
P-0016522-T01-IM6	13	4	5	0	7	0	4	0	2
P-0016890-T01-IM6	4	0	2	2	19	0	9	2	0
P-0017583-T01-IM5	0	7	1	2	5	3	2	9	0
P-0017664-T01-IM5	1	0	0	0	0	4	0	0	0
P-0017697-T01-IM6	24	9	0	0	7	15	11	4	0
P-0017839-T01-IM6	18	1	12	0	2	4	4	0	0
P-0017925-T01-IM6	8	6	4	0	0	12	8	1	9
P-0017986-T02-IM6	18	2	3	2	19	12	9	0	0
P-0017995-T01-IM6	6	10	4	0	7	1	0	0	10
P-0018374-T01-IM6	6	11	4	2	0	5	6	3	0
P-0018436-T01-IM6	6	0	1	0	5	4	0	0	0
P-0018437-T01-IM6	8	2	0	0	13	0	3	7	0
P-0018841-T01-IM6	0	4	0	0	9	2	0	35	0
P-0019183-T01-IM6	1	4	0	0	3	0	0	0	0
P-0019428-T01-IM6	15	1	2	0	7	9	0	0	2
P-0019464-T01-IM6	24	14	10	2	0	32	12	0	2
P-0019475-T01-IM6	5	5	1	0	25	12	11	8	0
P-0019846-T01-IM6	6	5	3	0	0	3	6	5	5
P-0019949-T01-IM6	12	7	3	1	0	3	0	0	0
P-0020143-T01-IM6	23	0	2	0	6	2	1	9	8
P-0020144-T01-IM6	3	0	3	0	3	9	0	0	0
P-0020221-T01-IM6	17	9	2	0	3	13	4	7	2
P-0020330-T01-IM6	12	21	6	2	0	13	6	30	7
P-0020331-T01-IM6	22	4	1	2	17	25	5	12	0
P-0020399-T01-IM6	10	1	3	0	0	22	3	1	0
P-0020431-T01-IM6	13	0	4	0	6	0	0	3	0
P-0020473-T01-IM6	6	13	78	48	0	3	0	0	0
P-0020689-T01-IM6	18	6	16	2	0	11	11	2	4
P-0020748-T01-IM6	4	0	1	2	0	5	0	0	4
P-0020834-T01-IM6	2	0	4	0	0	0	5	0	6
P-0021049-T01-IM6	12	7	4	0	0	9	0	0	4
P-0021090-T01-IM6	10	26	100	40	0	0	0	2	0
P-0021154-T01-IM6	0	8	2	0	0	5	11	3	0
P-0021292-T01-IM6	12	5	3	0	0	2	6	0	8
P-0021304-T01-IM6	28	11	7	2	15	0	0	0	1
P-0021346-T01-IM6	4	9	1	0	1	2	0	0	5
P-0021393-T01-IM6	13	28	0	0	6	0	13	3	0
P-0021744-T01-IM6	11	16	0	0	0	24	3	0	6
P-0022111-T01-IM6	20	14	7	0	29	0	8	7	0
P-0022508-T01-IM6	9	4	2	0	0	9	1	0	0
P-0023162-T01-IM6	2	2	0	0	0	9	5	6	0
P-0023271-T01-IM6	21	26	116	112	8	0	7	11	0
P-0023272-T01-IM6	11	15	1	1	0	23	0	2	0
P-0023551-T01-IM6	8	6	4	0	0	13	15	10	0
P-0023639-T01-IM6	5	9	6	0	7	13	0	1	2
P-0024928-T01-IM6	0	16	1	0	0	4	0	0	6
P-0024973-T01-IM6	3	0	1	0	0	21	1	0	1
P-0025047-T01-IM6	9	0	5	0	12	0	10	20	0
P-0025073-T01-IM6	13	7	2	2	0	0	0	4	5
P-0025215-T01-IM6	8	4	4	2	1	12	4	4	10
P-0025695-T01-IM6	12	4	4	0	14	0	4	0	1
P-0025715-T01-IM6	6	7	1	0	2	0	17	6	2
P-0025883-T01-IM6	10	17	2	2	0	23	1	0	8
P-0026197-T01-IM6	2	9	3	0	31	11	2	14	0
P-0026480-T01-IM6	3	4	3	0	17	7	15	0	11
P-0026678-T01-IM6	37	10	7	0	0	0	4	0	6
P-0026683-T01-IM6	37	6	10	0	0	14	0	3	7
P-0026908-T01-IM6	4	0	0	1	10	0	1	2	10
P-0026962-T01-IM6	1	12	5	2	1	4	5	4	1
P-0027324-T01-IM6	22	18	3	2	0	3	7	0	1
P-0027335-T01-IM6	11	14	1	0	5	0	5	5	2
P-0027375-T01-IM6	3	7	6	2	3	2	4	5	3
P-0027438-T01-IM6	0	19	0	2	0	0	2	3	7
P-0027740-T01-IM6	46	31	7	0	0	0	4	4	0
P-0027858-T01-IM6	5	11	1	0	25	28	10	2	0
P-0027929-T01-IM6	0	55	8	11	106	80	71	0	0
P-0028069-T01-IM6	2	6	4	0	11	1	9	4	0
P-0028266-T01-IM6	48	2	11	0	30	0	0	6	0
P-0028274-T01-IM6	13	6	2	0	16	4	1	0	9
P-0028344-T01-IM6	2	8	3	0	4	0	6	0	0
P-0028474-T01-IM6	5	18	2	2	27	7	17	0	6
P-0028485-T01-IM6	24	20	13	0	0	8	0	8	10
P-0028571-T01-IM6	9	5	1	0	5	0	11	3	0
P-0028891-T01-IM6	49	8	4	0	27	14	5	0	1
P-0028979-T01-IM6	10	0	2	0	10	0	10	26	0
P-0029114-T01-IM6	0	11	2	0	0	0	0	10	5
P-0029169-T01-IM6	7	16	3	0	0	0	0	0	4
P-0029398-T01-IM6	13	8	8	2	2	0	11	2	1
P-0029399-T01-IM6	11	3	7	2	0	15	8	0	0
P-0029495-T03-IM6	26	10	9	0	0	11	1	0	0
P-0029646-T01-IM6	13	3	2	2	41	0	9	7	5
P-0029980-T01-IM6	10	23	9	2	0	22	7	0	0
P-0030244-T01-IM6	3	11	0	2	20	0	0	10	4
P-0030265-T01-IM6	34	136	3	2	45	0	0	8	0
P-0030636-T01-IM6	11	0	5	0	0	12	0	0	4
P-0030708-T01-IM6	13	8	4	0	23	11	3	1	0
P-0030774-T01-IM6	20	18	14	0	0	4	9	6	0
P-0030960-T01-IM6	7	4	3	0	14	0	5	3	0
P-0030988-T01-IM6	0	14	3	0	0	12	10	1	0
P-0031050-T01-IM6	1	10	2	0	0	9	0	8	1
P-0031091-T01-IM6	6	24	3	0	0	14	13	0	0
P-0031146-T01-IM6	7	10	1	0	0	1	0	4	0
P-0031207-T01-IM6	5	0	1	0	10	19	0	3	0
P-0031496-T01-IM6	12	17	8	0	10	0	4	2	0
P-0032060-T01-IM6	19	15	0	3	6	0	0	12	0
P-0032698-T01-IM6	13	7	2	2	0	3	20	0	0
P-0032718-T01-IM6	1	14	1	3	20	0	3	17	0
P-0032777-T01-IM6	0	4	2	4	2	0	23	1	7
P-0033100-T01-IM6	8	3	4	2	0	27	3	0	0
P-0033382-T01-IM6	44	12	21	2	0	13	0	0	0
P-0033425-T01-IM6	90	167	24	5	39	0	18	1	21
P-0033503-T01-IM6	15	2	4	0	0	5	2	0	2
P-0033748-T01-IM6	0	0	0	65	0	0	0	0	69
P-0033852-T01-IM6	11	0	7	1	9	0	11	0	0
P-0034090-T01-IM6	0	6	1	0	3	0	2	5	2
P-0034401-T01-IM6	6	2	0	0	7	2	0	0	7
P-0034935-T01-IM6	0	1	0	0	5	2	2	3	0
P-0034950-T01-IM6	11	6	1	0	8	0	2	0	11
P-0035033-T01-IM6	2	4	0	0	1	0	0	3	0
P-0035100-T01-IM6	19	5	0	0	0	2	7	0	0
P-0035103-T01-IM6	5	8	29	88	3	0	0	0	0
P-0035437-T01-IM6	2	4	11	2	0	11	4	1	13
P-0035452-T01-IM6	12	7	7	0	20	8	7	3	2
P-0035693-T01-IM6	1	3	9	0	1	5	0	0	2
P-0035742-T01-IM6	0	3	10	7	1	2	0	0	0
P-0035755-T01-IM6	11	8	0	0	10	2	5	8	3
P-0035916-T01-IM6	11	5	4	2	0	0	2	14	4
P-0036028-T01-IM6	9	16	0	4	0	0	8	0	9
P-0036050-T01-IM6	11	18	7	0	0	0	0	6	0
P-0036309-T01-IM6	8	6	4	0	0	11	7	3	0
P-0036334-T01-IM6	17	12	4	2	6	0	4	5	1
P-0036369-T01-IM6	7	13	7	2	0	8	2	4	10
P-0036380-T01-IM6	2	0	5	2	21	0	2	0	0
P-0036500-T01-IM6	17	19	12	0	0	13	0	0	0
P-0036503-T01-IM6	0	26	63	51	0	0	0	0	0
P-0036831-T01-IM6	12	5	6	0	6	0	2	10	2
P-0036852-T01-IM6	11	4	4	4	7	0	5	10	14
P-0036924-T01-IM6	0	0	1	0	9	27	0	8	0
P-0037227-T01-IM6	10	1	0	0	0	12	5	4	0
P-0037246-T01-IM6	5	6	1	2	6	0	0	1	5
P-0037410-T01-IM6	3	10	1	2	32	5	4	8	1
P-0037531-T01-IM6	0	6	16	66	0	0	4	18	0
P-0037582-T01-IM6	12	7	3	0	2	0	3	3	1
P-0037838-T02-IM6	11	5	0	2	0	3	8	2	0
P-0037867-T01-IM6	5	7	9	0	1	7	10	0	6
P-0037875-T01-IM6	3	4	6	0	15	8	3	2	4
P-0037898-T01-IM6	0	18	56	134	8	0	0	0	0
P-0038159-T01-IM6	13	0	0	0	5	11	1	3	0
P-0038378-T01-IM6	7	4	3	0	7	8	1	5	1
P-0038553-T01-IM6	7	16	3	0	0	0	5	13	21
P-0038612-T02-IM6	3	8	1	0	0	0	5	4	6
P-0038638-T01-IM6	3	0	3	0	6	6	5	0	5
P-0038880-T01-IM6	33	4	9	2	9	6	0	0	11
P-0038908-T01-IM6	3	1	3	0	1	10	3	0	0
P-0039283-T01-IM6	48	22	19	2	4	0	8	9	4
P-0039441-T01-IM6	5	2	1	0	16	6	1	0	0
P-0039443-T01-IM6	17	7	6	0	16	0	1	3	0
P-0039589-T01-IM6	24	15	4	12	40	0	23	11	0
P-0039800-T01-IM6	17	9	0	0	2	0	2	0	0
P-0039938-T01-IM6	16	11	3	2	12	0	11	3	0
P-0039999-T01-IM6	7	0	1	0	17	18	0	5	0
P-0040021-T01-IM6	7	3	2	2	0	11	1	0	7
P-0040107-T01-IM6	8	12	1	0	0	14	2	0	7
P-0040121-T01-IM6	4	6	6	2	0	14	4	14	0
P-0040182-T01-IM6	1	11	2	0	0	15	10	0	2
P-0040250-T01-IM6	14	18	0	2	0	0	2	0	5
P-0040355-T01-IM6	8	6	3	0	0	3	3	7	0
P-0040373-T01-IM6	6	11	8	0	0	14	4	8	0
P-0040484-T01-IM6	6	6	3	0	5	1	2	0	0
P-0040678-T01-IM6	22	13	4	0	0	5	5	0	0
P-0040787-T01-IM6	5	7	24	126	11	0	0	0	0
P-0041005-T01-IM6	9	19	4	0	6	14	16	5	0
P-0041144-T01-IM6	12	8	6	0	14	14	4	0	0
P-0041213-T01-IM6	6	3	1	0	13	0	0	0	3
P-0041436-T01-IM6	12	10	0	2	0	8	5	5	6
P-0041542-T01-IM6	4	6	8	0	3	0	0	0	0
P-0041648-T01-IM6	31	4	8	2	15	0	9	0	0
P-0041855-T01-IM6	18	4	2	2	25	0	13	3	12
P-0041986-T01-IM6	17	7	7	0	0	17	5	0	1
P-0042503-T01-IM6	9	5	0	2	0	7	8	9	0
P-0042615-T01-IM6	14	0	2	1	19	0	2	0	0
P-0042737-T01-IM6	11	11	6	0	4	0	10	0	0
P-0042880-T01-IM6	6	0	4	0	13	0	4	0	0
P-0043005-T01-IM6	19	12	9	2	8	6	8	1	0
P-0043052-T01-IM6	34	3	10	0	27	12	7	0	0
P-0043087-T01-IM6	22	18	9	0	0	12	5	21	0
P-0043095-T01-IM6	14	6	6	0	4	14	2	10	0
P-0043154-T01-IM6	15	5	6	1	0	12	5	0	8
P-0043169-T01-IM6	0	3	0	0	10	3	0	2	0
P-0043595-T01-IM6	19	5	7	0	16	6	3	0	0
P-0043599-T01-IM6	8	0	1	2	10	0	0	18	0
P-0043781-T01-IM6	5	0	1	0	0	3	0	22	5
P-0043907-T01-IM6	30	0	3	0	0	8	5	4	0
P-0044184-T01-IM6	9	8	1	0	11	0	9	0	15
P-0044217-T01-IM6	9	1	0	0	0	3	3	4	1
P-0044329-T01-IM6	20	2	1	0	14	0	6	9	0
P-0044371-T01-IM6	9	4	4	0	0	0	2	47	0
P-0044406-T01-IM6	7	5	5	0	0	13	0	0	7
P-0044484-T01-IM6	10	10	4	2	0	11	1	0	0
P-0044540-T01-IM6	4	18	4	4	0	3	0	1	11
P-0044544-T01-IM6	11	1	1	0	8	13	2	0	0
P-0044576-T01-IM6	8	1	0	1	0	10	0	5	7
P-0044645-T01-IM6	54	23	0	2	0	0	2	1	3
P-0044666-T01-IM6	4	11	0	0	12	0	0	2	0
P-0044791-T01-IM6	17	12	0	0	0	0	0	0	12
P-0044805-T01-IM6	12	4	4	0	0	7	2	0	2
P-0044833-T01-IM6	23	1	4	0	14	0	14	2	1
P-0044858-T01-IM6	14	1	2	2	0	4	0	6	0
P-0045009-T01-IM6	5	8	3	0	4	0	2	1	3
P-0045111-T01-IM6	14	2	5	2	11	0	10	0	7
P-0045223-T01-IM6	0	4	2	0	0	5	0	10	0
P-0045253-T01-IM6	5	6	1	0	0	23	2	1	0
P-0045320-T01-IM6	9	3	5	0	5	0	4	4	0
P-0045366-T01-IM6	10	7	0	0	3	0	0	5	8
P-0045460-T01-IM6	1	4	3	0	4	15	2	0	0
P-0045471-T01-IM6	0	13	2	0	0	3	0	4	1
P-0045547-T01-IM6	3	1	1	2	4	5	2	0	0
P-0045569-T01-IM6	21	15	1	0	8	2	7	14	0
P-0045713-T01-IM6	9	0	3	0	6	2	0	0	1
P-0045823-T01-IM6	5	13	1	0	0	2	7	0	10
P-0045984-T01-IM6	24	5	8	0	10	7	0	0	0
P-0046035-T01-IM6	6	2	0	3	0	15	0	0	0
P-0046229-T01-IM6	3	2	0	2	16	8	0	0	0
P-0046266-T01-IM6	6	3	1	0	0	11	9	0	11
P-0046311-T01-IM6	7	3	7	2	5	0	2	2	0
P-0046312-T01-IM6	20	0	1	2	13	0	1	0	0
P-0046394-T01-IM6	16	2	0	1	9	5	1	0	1
P-0046492-T01-IM6	12	1	8	0	7	0	5	0	2
P-0046698-T01-IM6	29	23	9	0	16	4	14	6	0
P-0046738-T01-IM6	4	13	1	0	4	0	2	0	0
P-0046739-T01-IM6	15	13	2	0	0	14	1	0	1
P-0046759-T01-IM6	12	12	0	2	0	5	2	7	0
P-0046843-T01-IM6	26	8	7	0	0	18	0	12	0
P-0046954-T01-IM6	0	0	0	0	0	3	0	0	7
P-0047056-T01-IM6	7	14	7	0	15	29	6	0	0
P-0047121-T01-IM6	13	5	2	0	0	0	2	3	0
P-0047196-T01-IM6	10	4	1	0	10	0	0	0	5
P-0047599-T01-IM6	43	9	13	0	2	2	10	3	9
P-0047601-T01-IM6	1	9	1	0	0	4	1	3	11
P-0047632-T01-IM6	12	17	3	0	0	12	5	0	0
P-0047822-T01-IM6	12	0	2	0	12	5	8	6	1
P-0047850-T01-IM6	20	5	5	0	0	16	3	0	0
P-0047862-T01-IM6	5	11	2	0	0	9	4	0	4
P-0047886-T01-IM6	8	6	4	2	0	16	1	10	1
P-0048082-T01-IM6	16	0	3	0	0	15	4	0	2
P-0048215-T01-IM6	0	72	180	159	41	0	9	9	0
P-0048221-T01-IM6	20	17	5	0	29	6	0	1	0
P-0048257-T01-IM6	0	7	3	4	0	12	8	0	0
P-0048271-T01-IM6	16	0	5	0	4	0	2	0	0
P-0048660-T01-IM6	10	2	1	0	3	4	0	5	0
P-0048893-T01-IM6	11	3	4	2	0	11	3	0	7
P-0049064-T01-IM6	0	13	6	0	7	17	0	6	2
P-0049202-T01-IM6	1	6	46	114	0	0	6	0	0
P-0049359-T01-IM6	11	0	4	0	0	11	2	0	1
P-0049376-T01-IM6	18	0	4	0	0	14	5	2	2
P-0049486-T01-IM6	5	5	0	0	4	1	0	5	0
P-0049600-T01-IM6	4	3	1	0	5	0	4	0	0
P-0049633-T01-IM6	2	11	0	0	1	8	2	5	0
P-0049661-T01-IM6	8	4	2	0	17	0	0	0	3
P-0049762-T01-IM6	5	11	5	1	0	7	4	0	0
P-0049970-T01-IM6	12	8	6	4	0	24	6	0	0
P-0050263-T01-IM6	0	0	138	143	0	0	0	0	0
P-0050266-T01-IM6	5	0	4	2	10	5	11	0	10
