Samples	SBS96A	SBS96B	SBS96C	SBS96D	SBS96E
P-0000614-T01-IM3	0	1	2	0	17
P-0001791-T01-IM3	0	0	4	5	5
P-0004255-T01-IM5	0	3	6	0	11
P-0005564-T01-IM5	0	13	19	37	16
P-0006201-T01-IM5	0	7	2	12	10
P-0010671-T01-IM5	0	4	0	8	3
P-0010967-T01-IM5	107	35	5	14	0
P-0011222-T01-IM5	2	1	0	1	14
P-0011569-T01-IM5	1	3	17	24	0
P-0011570-T01-IM5	39	73	0	2	0
P-0012113-T01-IM5	54	27	49	76	32
P-0012179-T01-IM5	0	2	30	0	5
P-0012397-T01-IM5	11	44	71	90	8
P-0012441-T01-IM5	0	3	7	0	12
P-0012445-T01-IM5	77	69	0	5	20
P-0012670-T01-IM5	92	9	8	11	0
P-0012726-T01-IM5	0	3	5	0	12
P-0012819-T01-IM5	0	4	7	1	9
P-0012848-T01-IM5	0	2	6	3	4
P-0012988-T01-IM5	7	3	0	101	42
P-0013350-T01-IM5	97	40	1	8	4
P-0013452-T01-IM5	0	5	0	9	0
P-0013537-T01-IM5	83	108	0	0	0
P-0014388-T01-IM6	0	5	11	3	0
P-0014495-T01-IM6	0	2	3	1	7
P-0014528-T01-IM6	7	10	0	0	0
P-0014680-T01-IM6	0	0	6	2	2
P-0014780-T01-IM6	0	9	30	7	1
P-0015048-T01-IM6	1	1	11	0	4
P-0015293-T01-IM6	0	1	12	11	14
P-0015626-T01-IM6	23	63	40	0	10
P-0015869-T01-IM6	73	33	5	0	0
P-0015885-T01-IM6	2	6	49	7	15
P-0016099-T01-IM6	224	80	26	56	0
P-0016247-T01-IM6	1	0	7	6	10
P-0016341-T01-IM6	2	0	9	4	5
P-0016505-T01-IM6	11	24	0	0	3
P-0016801-T01-IM6	0	2	6	20	0
P-0016825-T01-IM6	51	0	5	0	0
P-0016904-T01-IM6	1	7	14	0	3
P-0017681-T01-IM6	0	1	11	0	10
P-0017713-T01-IM6	0	2	7	34	4
P-0017883-T01-IM6	1	1	28	0	4
P-0018005-T01-IM6	0	5	42	0	0
P-0018100-T01-IM6	6	0	0	192	129
P-0018106-T01-IM6	0	0	6	0	10
P-0018204-T01-IM6	0	1	0	19	20
P-0018224-T01-IM6	3	0	4	1	6
P-0018353-T01-IM6	0	2	13	6	4
P-0018723-T01-IM6	0	0	0	0	2
P-0019093-T01-IM6	0	0	11	0	14
P-0019386-T01-IM6	1	1	13	9	3
P-0019598-T01-IM6	2	3	2	6	4
P-0019649-T01-IM6	76	104	49	19	10
P-0019650-T01-IM6	1	0	5	7	8
P-0019658-T01-IM6	74	14	0	0	1
P-0019741-T01-IM6	0	5	17	14	0
P-0020009-T01-IM6	0	0	10	0	10
P-0020227-T01-IM6	0	4	3	0	20
P-0020271-T01-IM6	0	1	22	0	20
P-0020509-T01-IM6	1	3	11	5	0
P-0020754-T01-IM6	0	2	5	2	5
P-0021505-T01-IM6	0	3	15	8	10
P-0021670-T01-IM6	0	4	6	0	4
P-0021897-T01-IM6	0	0	0	4	5
P-0022010-T01-IM6	0	10	31	8	0
P-0023250-T01-IM6	2	1	0	8	13
P-0023555-T01-IM6	0	4	32	2	9
P-0023857-T01-IM6	1	6	5	17	4
P-0023968-T01-IM6	0	2	5	3	4
P-0024106-T01-IM6	2	0	7	0	5
P-0024289-T01-IM6	0	0	28	0	16
P-0025195-T01-IM6	0	0	7	11	5
P-0025240-T01-IM6	0	2	13	8	9
P-0025248-T01-IM6	0	4	4	18	2
P-0025312-T01-IM6	0	6	10	0	8
P-0025648-T01-IM6	120	29	9	0	0
P-0025885-T01-IM6	0	5	18	7	0
P-0026714-T01-IM6	0	0	6	0	12
P-0027652-T01-IM6	135	60	0	14	0
P-0028495-T01-IM6	0	3	6	5	6
P-0028774-T01-IM6	0	4	5	0	6
P-0029690-T01-IM6	93	21	14	2	0
P-0029778-T01-IM6	0	1	0	6	13
P-0029972-T01-IM6	29	0	0	23	251
P-0030260-T01-IM6	0	4	11	8	4
P-0031042-T01-IM6	0	0	6	17	5
P-0031094-T01-IM6	0	0	12	7	6
P-0031195-T01-IM6	0	0	1	0	16
P-0031211-T01-IM6	1	5	24	0	0
P-0031271-T01-IM6	0	0	8	0	13
P-0031436-T01-IM6	0	0	2	6	17
P-0031501-T01-IM6	0	15	27	21	3
P-0032113-T01-IM6	1	6	24	15	0
P-0032161-T02-IM6	2	0	18	6	14
P-0032443-T01-IM6	0	3	6	14	0
P-0032496-T01-IM6	236	64	5	0	0
P-0032497-T01-IM6	1	3	6	0	11
P-0032548-T01-IM6	63	55	0	0	2
P-0032567-T01-IM6	3	1	30	3	4
P-0032761-T01-IM6	0	2	4	7	10
P-0032818-T01-IM6	87	165	0	0	0
P-0032990-T01-IM6	2	0	2	0	13
P-0032994-T01-IM6	0	5	15	6	14
P-0033016-T01-IM6	37	14	12	13	0
P-0033133-T01-IM6	2	11	37	95	0
P-0033682-T01-IM6	1	9	21	0	0
P-0034775-T01-IM6	0	0	5	0	10
P-0034862-T01-IM6	2	2	3	0	10
P-0034915-T01-IM6	39	6	90	184	0
P-0035146-T01-IM6	96	30	4	4	14
P-0035147-T01-IM6	85	15	0	0	6
P-0035281-T01-IM6	52	79	0	0	0
P-0035770-T01-IM6	270	63	4	0	21
P-0035790-T01-IM6	46	46	124	291	0
P-0036123-T01-IM6	63	113	0	0	0
P-0036230-T01-IM6	0	6	0	0	15
P-0036297-T01-IM6	77	37	7	0	0
P-0036505-T01-IM6	0	0	5	6	8
P-0036664-T01-IM6	0	0	6	12	3
P-0036740-T03-IM6	0	3	5	1	9
P-0036868-T01-IM6	0	0	11	1	5
P-0037690-T01-IM6	3	12	26	41	0
P-0037917-T01-IM6	3	0	4	0	1
P-0038016-T01-IM6	0	6	19	0	5
P-0038084-T01-IM6	0	11	32	0	1
P-0038520-T01-IM6	0	3	9	14	21
P-0038755-T01-IM6	20	22	0	0	4
P-0038944-T01-IM6	0	11	9	0	5
P-0039054-T01-IM6	143	29	59	271	0
P-0039231-T01-IM6	0	0	20	3	0
P-0039466-T01-IM6	0	2	14	12	12
P-0039477-T01-IM6	0	5	24	0	0
P-0039599-T01-IM6	1	0	0	0	7
P-0039704-T01-IM6	287	74	0	0	0
P-0039773-T01-IM6	28	28	0	0	0
P-0039854-T01-IM6	1	8	11	0	11
P-0040023-T01-IM6	44	59	223	178	0
P-0040086-T01-IM6	63	3	4	13	0
P-0040149-T01-IM6	1	3	5	0	16
P-0040228-T01-IM6	3	0	14	1	6
P-0040284-T01-IM6	75	27	0	4	0
P-0040575-T01-IM6	0	11	32	0	1
P-0040701-T01-IM6	0	6	2	2	9
P-0040828-T01-IM6	106	216	95	77	0
P-0040884-T01-IM6	0	0	5	5	5
P-0040892-T01-IM6	0	0	12	6	10
P-0040992-T01-IM6	0	4	26	0	10
P-0041146-T01-IM6	160	7	12	15	11
P-0041318-T01-IM6	21	0	4	2	1
P-0041346-T01-IM6	182	12	2	6	16
P-0041347-T01-IM6	0	1	1	9	3
P-0042199-T01-IM6	119	157	27	0	0
P-0042256-T01-IM6	47	28	0	0	0
P-0042644-T01-IM6	0	11	4	13	8
P-0042702-T01-IM6	42	41	0	0	0
P-0042762-T01-IM6	0	3	0	24	53
P-0042782-T01-IM6	0	2	2	7	8
P-0043033-T02-IM6	1	2	21	0	11
P-0043071-T01-IM6	19	20	5	3	0
P-0043596-T01-IM6	383	305	41	23	0
P-0043613-T01-IM6	0	13	38	0	12
P-0043842-T01-IM6	158	61	84	126	0
P-0043909-T01-IM6	0	0	5	8	11
P-0043940-T01-IM6	0	0	4	0	16
P-0044312-T01-IM6	0	2	5	0	14
P-0044767-T01-IM6	1	0	4	2	3
P-0044790-T01-IM6	0	6	51	102	0
P-0044987-T01-IM6	3	7	42	0	24
P-0045120-T01-IM6	10	21	0	0	0
P-0045458-T01-IM6	82	190	48	51	0
P-0045671-T01-IM6	3	1	4	0	5
P-0045738-T01-IM6	0	4	0	22	1
P-0045991-T01-IM6	0	0	9	0	10
P-0046448-T01-IM6	3	4	26	0	0
P-0046630-T01-IM6	1	1	32	6	0
P-0046754-T01-IM6	0	0	11	2	14
P-0046965-T01-IM6	365	26	6	49	33
P-0047374-T01-IM6	0	9	47	0	3
P-0047653-T01-IM6	22	22	5	1	3
P-0047766-T01-IM6	0	3	45	0	0
P-0047768-T01-IM6	0	13	49	0	0
P-0047771-T01-IM6	60	29	0	1	0
P-0047974-T01-IM6	31	6	7	0	0
P-0048176-T01-IM6	2	1	8	8	6
P-0048238-T01-IM6	0	2	7	0	14
P-0048255-T01-IM6	0	6	8	4	20
P-0048521-T01-IM6	0	1	8	0	14
P-0048589-T01-IM6	2	1	1	0	17
P-0048620-T01-IM6	0	7	7	0	18
P-0048757-T01-IM6	0	13	20	0	0
P-0048915-T01-IM6	0	2	3	0	16
P-0048984-T01-IM6	0	0	14	2	4
P-0049047-T01-IM6	338	15	72	204	0
P-0049073-T01-IM6	172	15	8	0	24
P-0049274-T01-IM6	31	9	0	0	6
P-0049291-T01-IM6	0	1	44	0	0
P-0049371-T01-IM6	28	23	0	0	0
P-0049473-T01-IM6	0	5	18	1	4
P-0049485-T01-IM6	0	8	9	24	5
P-0049760-T01-IM6	68	183	71	62	0
P-0049775-T01-IM6	3	9	17	0	3
P-0049788-T01-IM6	16	4	0	1	1
P-0049805-T01-IM6	0	2	11	0	8
P-0049931-T01-IM6	0	7	17	10	5
P-0050111-T01-IM6	0	3	13	8	4
