Samples	SBS96A	SBS96B	SBS96C	SBS96D
P-0000596-T01-IM3	7.61E-01	8.50E-01	8.61E-01	2.42E-01
P-0000686-T01-IM3	2.36E+00	2.69E+00	2.35E+00	9.40E-01
P-0000893-T01-IM3	8.39E-02	1.39E-01	1.37E-01	1.94E-01
P-0000895-T01-IM3	1.45E-01	1.13E-01	1.25E-01	7.91E-02
P-0000898-T01-IM3	1.65E-01	1.10E-01	1.55E-01	1.59E-01
P-0000922-T01-IM3	1.14E-01	1.12E-01	7.78E-02	1.12E-01
P-0001251-T01-IM3	1.10E+00	1.31E+00	1.25E+00	3.04E-01
P-0001485-T01-IM3	1.07E+00	1.27E+00	1.20E+00	4.35E-01
P-0001530-T01-IM3	1.50E-01	2.51E-01	2.66E-01	1.73E-01
P-0001560-T01-IM3	4.81E-01	5.66E-01	4.22E-01	3.50E-01
P-0001603-T01-IM3	4.24E-01	4.37E-01	3.43E-01	2.07E-01
P-0001646-T01-IM3	1.41E-02	2.88E-02	1.41E-02	3.38E-02
P-0001706-T01-IM3	5.06E-01	4.39E-01	5.28E-01	1.16E-01
P-0001710-T01-IM3	2.41E-01	3.13E-01	3.29E-01	4.19E-01
P-0001756-T02-IM6	9.23E-01	1.14E+00	9.86E-01	3.62E-01
P-0001773-T01-IM3	3.21E-01	3.23E-01	3.26E-01	1.79E-01
P-0001841-T01-IM3	2.04E-01	1.75E-01	1.74E-01	2.10E-01
P-0002018-T01-IM3	2.06E-01	2.43E-01	1.43E-01	1.20E-01
P-0002157-T01-IM3	4.96E-01	4.68E-01	4.50E-01	2.93E-01
P-0002353-T01-IM3	4.65E-01	4.42E-01	4.10E-01	1.54E-01
P-0002380-T01-IM3	2.09E-01	2.71E-01	2.36E-01	2.60E-01
P-0002418-T01-IM3	1.19E-01	1.19E-01	9.54E-02	6.79E-02
P-0002437-T01-IM3	2.28E-01	2.69E-01	2.99E-01	2.55E-01
P-0002440-T01-IM3	4.21E-01	4.69E-01	5.08E-01	1.43E-01
P-0002490-T01-IM3	2.01E+00	2.30E+00	1.85E+00	4.57E-01
P-0002504-T01-IM3	8.46E-01	7.90E-01	6.52E-01	1.44E-01
P-0003010-T01-IM3	1.24E-01	1.48E-01	1.40E-01	8.70E-02
P-0003062-T01-IM5	4.39E-01	3.78E-01	3.47E-01	1.90E-01
P-0003069-T01-IM5	7.43E-01	9.46E-01	8.41E-01	2.10E-01
P-0003199-T01-IM5	4.29E-02	4.02E-02	4.76E-02	4.16E-02
P-0003225-T01-IM5	2.87E-01	2.83E-01	2.34E-01	1.39E-01
P-0003255-T01-IM5	2.55E-01	1.80E-01	1.59E-01	1.34E-01
P-0003358-T01-IM5	3.13E-01	3.56E-01	2.89E-01	3.16E-01
P-0003372-T01-IM5	2.23E-02	5.56E-02	4.93E-02	7.12E-02
P-0003560-T01-IM5	1.12E+00	1.05E+00	9.05E-01	1.48E-01
P-0003609-T01-IM5	1.68E-01	1.54E-01	1.17E-01	1.77E-01
P-0003620-T02-IM5	4.75E-01	5.32E-01	3.17E-01	2.06E-01
P-0003621-T01-IM5	5.75E-02	7.11E-02	6.22E-02	1.04E-01
P-0003700-T01-IM5	1.83E-01	1.93E-01	1.12E-01	1.02E-01
P-0003728-T01-IM5	9.14E-01	9.47E-01	8.34E-01	2.75E-01
P-0003742-T01-IM5	1.56E-01	2.06E-01	2.22E-01	1.66E-01
P-0003743-T01-IM5	2.53E-01	1.97E-01	2.65E-01	1.70E-01
P-0003868-T01-IM5	2.39E-01	2.06E-01	2.08E-01	1.85E-01
P-0003871-T01-IM5	1.74E+00	2.01E+00	1.56E+00	2.76E-01
P-0003872-T01-IM5	4.37E-01	5.22E-01	5.54E-01	2.02E-01
P-0003921-T01-IM5	3.03E-01	2.45E-01	2.88E-01	1.93E-01
P-0003966-T01-IM5	2.08E-01	2.45E-01	1.91E-01	1.20E-01
P-0004048-T01-IM5	1.18E-01	1.14E-01	7.78E-02	7.45E-02
P-0004142-T01-IM5	6.30E-01	5.49E-01	4.71E-01	2.52E-01
P-0004203-T01-IM5	1.32E-01	2.92E-01	2.92E-01	2.13E-01
P-0004214-T01-IM5	8.71E-01	8.61E-01	8.61E-01	1.71E-01
P-0004236-T01-IM5	3.46E-01	3.96E-01	3.59E-01	2.33E-01
P-0004253-T01-IM5	2.52E-01	2.00E-01	1.93E-01	1.19E-01
P-0004272-T01-IM5	2.15E-01	2.67E-01	1.89E-01	1.93E-01
P-0004348-T01-IM5	5.10E-01	4.89E-01	3.62E-01	1.89E-01
P-0004349-T01-IM5	1.87E-01	1.55E-01	1.64E-01	1.61E-01
P-0004437-T01-IM5	3.82E-01	3.68E-01	2.68E-01	1.64E-01
P-0004457-T01-IM5	9.77E-01	1.10E+00	7.93E-01	2.36E-01
P-0004518-T01-IM5	5.50E-01	5.37E-01	4.28E-01	2.52E-01
P-0004650-T01-IM5	1.24E+00	1.35E+00	1.21E+00	2.30E-01
P-0004700-T02-IM5	2.04E-01	2.20E-01	1.61E-01	8.57E-02
P-0004914-T01-IM5	5.14E-01	6.57E-01	5.90E-01	1.55E-01
P-0004933-T02-IM6	2.41E-01	3.85E-01	3.44E-01	2.67E-01
P-0004952-T01-IM5	6.96E-01	7.39E-01	5.38E-01	2.95E-01
P-0005039-T01-IM5	5.78E-01	6.39E-01	5.33E-01	1.68E-01
P-0005053-T01-IM5	4.05E-01	4.10E-01	2.36E-01	1.11E-01
P-0005062-T01-IM5	1.41E-02	2.88E-02	1.41E-02	3.38E-02
P-0005109-T01-IM5	3.97E-01	4.91E-01	4.30E-01	1.13E-01
P-0005118-T01-IM5	4.46E-01	4.30E-01	4.62E-01	1.41E-01
P-0005129-T01-IM5	2.63E-01	2.44E-01	1.67E-01	1.73E-01
P-0005144-T01-IM5	2.11E-01	2.35E-01	1.50E-01	2.19E-01
P-0005146-T01-IM5	1.44E-01	2.24E-01	2.54E-01	2.10E-01
P-0005159-T01-IM5	9.87E-01	1.05E+00	1.01E+00	8.67E-01
P-0005222-T01-IM5	4.18E-01	3.78E-01	3.08E-01	1.78E-01
P-0005228-T01-IM5	1.58E+00	1.76E+00	1.33E+00	5.00E-01
P-0005241-T01-IM5	8.73E-02	8.66E-02	7.70E-02	1.00E-02
P-0005260-T01-IM5	2.95E-01	2.96E-01	1.63E-01	1.33E-01
P-0005352-T01-IM5	2.68E-01	2.71E-01	2.33E-01	1.66E-01
P-0005366-T01-IM5	2.73E+00	3.08E+00	2.56E+00	4.27E-01
P-0005370-T01-IM5	3.96E-01	3.26E-01	2.71E-01	2.72E-01
P-0005383-T01-IM5	4.99E-01	5.67E-01	4.72E-01	1.37E-01
P-0005421-T01-IM5	3.38E-01	3.11E-01	2.63E-01	2.46E-01
P-0005461-T02-IM5	8.42E-02	9.30E-02	5.91E-02	5.39E-02
P-0005493-T01-IM5	2.39E-01	1.75E-01	1.57E-01	1.98E-01
P-0005583-T01-IM5	1.39E-01	9.39E-02	5.10E-02	1.02E-01
P-0005604-T01-IM5	2.41E-01	2.48E-01	2.27E-01	7.29E-02
P-0005673-T01-IM5	2.34E-01	3.36E-01	2.76E-01	1.44E-01
P-0005725-T01-IM5	5.29E-01	5.34E-01	5.13E-01	1.88E-01
P-0005733-T02-IM5	5.17E-01	5.26E-01	3.93E-01	1.79E-01
P-0005769-T01-IM5	1.82E-01	1.72E-01	1.48E-01	1.34E-01
P-0005928-T01-IM5	4.48E-01	3.94E-01	3.97E-01	2.69E-01
P-0005971-T01-IM5	7.34E-02	1.85E-01	2.01E-01	1.63E-01
P-0006034-T01-IM5	7.79E-01	9.11E-01	9.21E-01	3.99E-01
P-0006155-T02-IM5	1.45E+00	1.62E+00	1.19E+00	4.07E-01
P-0006177-T01-IM5	1.12E+00	1.14E+00	8.65E-01	3.71E-02
P-0006192-T01-IM5	2.83E-01	3.10E-01	2.68E-01	8.68E-02
P-0006193-T01-IM5	2.82E-01	2.91E-01	2.14E-01	1.80E-01
P-0006267-T01-IM5	5.36E-01	5.67E-01	4.41E-01	3.31E-01
P-0006339-T01-IM5	1.28E+00	1.23E+00	8.62E-01	3.03E-01
P-0006407-T01-IM5	7.57E-01	9.16E-01	8.66E-01	2.24E-01
P-0006423-T01-IM5	3.09E-01	3.11E-01	2.24E-01	1.85E-01
P-0006476-T01-IM5	2.71E-01	3.35E-01	2.94E-01	2.21E-01
P-0006488-T01-IM5	2.87E-01	4.28E-01	3.85E-01	1.61E-01
P-0006541-T02-IM5	5.04E-01	5.92E-01	5.13E-01	3.26E-01
P-0006621-T01-IM5	1.27E+00	1.39E+00	1.32E+00	3.47E-01
P-0006624-T01-IM5	4.66E-01	4.86E-01	4.63E-01	1.54E-01
P-0006719-T01-IM5	6.34E-01	7.33E-01	6.25E-01	4.24E-01
P-0006731-T01-IM5	4.12E-01	3.93E-01	3.17E-01	1.61E-01
P-0006796-T01-IM5	5.99E-01	7.28E-01	7.09E-01	3.12E-01
P-0006845-T01-IM5	1.83E-01	1.60E-01	1.68E-01	9.68E-02
P-0006952-T01-IM5	4.82E-01	4.73E-01	4.35E-01	2.21E-01
P-0006973-T01-IM5	3.08E-01	3.49E-01	2.90E-01	1.49E-01
P-0007142-T01-IM5	1.19E-01	1.38E-01	1.45E-01	1.28E-01
P-0007232-T02-IM6	1.28E-01	1.38E-01	1.20E-01	1.41E-01
P-0007238-T01-IM5	7.46E-02	6.61E-02	7.57E-02	6.20E-02
P-0007281-T01-IM5	2.60E-01	2.47E-01	2.69E-01	2.20E-01
P-0007492-T01-IM5	1.45E-01	1.21E-01	9.90E-02	9.71E-02
P-0007517-T01-IM5	1.66E-01	1.62E-01	1.60E-01	1.20E-01
P-0007544-T01-IM5	9.00E-01	9.27E-01	9.06E-01	2.67E-01
P-0007561-T01-IM5	6.13E-01	6.13E-01	5.35E-01	2.97E-01
P-0007736-T01-IM5	3.06E-01	3.17E-01	1.96E-01	1.63E-01
P-0007810-T02-IM5	8.26E-01	7.92E-01	7.44E-01	3.83E-01
P-0007876-T01-IM5	7.59E-01	8.67E-01	6.68E-01	2.97E-01
P-0007918-T01-IM5	9.04E-01	9.25E-01	8.54E-01	4.06E-01
P-0007970-T01-IM5	3.17E-01	2.91E-01	3.10E-01	1.86E-01
P-0007980-T01-IM5	3.56E-01	3.11E-01	3.07E-01	9.31E-02
P-0007986-T01-IM5	1.89E-01	1.29E-01	1.67E-01	1.75E-01
P-0008009-T01-IM5	2.74E-01	3.05E-01	3.12E-01	7.74E-02
P-0008028-T01-IM5	7.44E-02	1.14E-01	1.42E-01	1.17E-01
P-0008050-T01-IM5	1.41E-02	2.88E-02	1.41E-02	3.38E-02
P-0008080-T01-IM5	8.31E-01	1.03E+00	9.25E-01	3.39E-01
P-0008228-T01-IM5	9.85E-01	1.09E+00	8.71E-01	2.09E-01
P-0008246-T02-IM5	1.68E+00	1.79E+00	1.37E+00	1.97E-01
P-0008360-T01-IM5	2.25E-01	2.05E-01	1.87E-01	1.77E-01
P-0008403-T01-IM5	5.11E-01	4.85E-01	4.36E-01	1.08E-01
P-0008434-T01-IM5	9.87E-01	1.22E+00	1.09E+00	2.78E-01
P-0008445-T01-IM5	1.89E-01	2.10E-01	1.57E-01	2.19E-01
P-0008450-T01-IM5	3.78E-02	2.56E-02	2.73E-02	1.41E-02
P-0008490-T01-IM5	2.18E-01	2.15E-01	2.20E-01	9.80E-02
P-0008492-T02-IM5	7.45E-02	1.06E-01	1.09E-01	8.62E-02
P-0008557-T02-IM5	8.82E-01	9.12E-01	7.50E-01	2.87E-01
P-0008659-T01-IM5	1.84E-01	2.29E-01	1.95E-01	2.45E-01
P-0008728-T01-IM5	6.09E-01	6.48E-01	6.35E-01	3.33E-01
P-0008733-T01-IM5	1.24E-01	1.90E-01	1.88E-01	1.73E-01
P-0008857-T01-IM5	9.28E-01	8.95E-01	8.08E-01	2.68E-01
P-0008859-T01-IM5	4.09E-02	3.86E-02	4.02E-02	4.94E-02
P-0008912-T01-IM5	2.79E-01	2.78E-01	2.89E-01	2.02E-01
P-0008942-T01-IM5	7.95E-01	9.45E-01	8.03E-01	1.05E-01
P-0008946-T01-IM5	4.13E-01	3.89E-01	2.86E-01	1.50E-01
P-0008963-T01-IM5	1.88E-01	2.02E-01	2.37E-01	1.56E-01
P-0008974-T01-IM5	5.68E-01	6.53E-01	5.52E-01	3.63E-01
P-0008997-T01-IM5	1.07E+00	1.18E+00	7.70E-01	4.65E-01
P-0008999-T01-IM5	3.34E-01	2.84E-01	2.68E-01	1.70E-01
P-0009072-T01-IM5	1.95E-01	1.61E-01	1.03E-01	9.96E-02
P-0009105-T01-IM5	6.87E-01	7.29E-01	6.32E-01	2.51E-01
P-0009108-T01-IM5	8.66E-01	7.63E-01	7.29E-01	3.29E-01
P-0009148-T01-IM5	3.55E-01	3.60E-01	2.39E-01	1.91E-01
P-0009177-T01-IM5	2.09E-01	2.47E-01	2.15E-01	8.69E-02
P-0009180-T01-IM5	7.52E-02	4.35E-02	3.73E-02	6.76E-02
P-0009189-T01-IM5	1.34E+00	1.70E+00	1.67E+00	4.11E-01
P-0009245-T01-IM5	4.73E-01	5.56E-01	4.39E-01	2.50E-01
P-0009292-T01-IM5	1.99E-01	1.89E-01	2.02E-01	1.83E-01
P-0009308-T01-IM5	2.19E-02	3.94E-02	3.86E-02	4.96E-02
P-0009311-T01-IM5	4.81E-01	6.35E-01	6.61E-01	2.74E-01
P-0009324-T02-IM5	4.24E-01	5.30E-01	5.22E-01	2.42E-01
P-0009349-T01-IM5	7.53E-01	7.53E-01	8.25E-01	2.79E-01
P-0009412-T01-IM5	1.41E-02	2.88E-02	1.41E-02	3.38E-02
P-0009527-T01-IM5	3.36E-01	3.70E-01	3.08E-01	1.70E-01
P-0009538-T01-IM5	2.01E-01	2.02E-01	1.58E-01	1.95E-01
P-0009589-T01-IM5	4.29E-02	3.59E-02	3.86E-02	4.98E-02
P-0009697-T01-IM5	7.96E-02	7.85E-02	7.31E-02	9.89E-02
P-0009736-T01-IM5	3.64E-01	4.00E-01	3.84E-01	1.60E-01
P-0009744-T01-IM5	2.99E-01	3.70E-01	3.60E-01	1.87E-01
P-0009747-T01-IM5	7.56E-01	7.54E-01	4.39E-01	1.01E-01
P-0009752-T01-IM5	5.36E+00	5.78E+00	4.40E+00	4.63E-01
P-0009855-T01-IM5	1.09E-01	9.03E-02	1.07E-01	7.43E-02
P-0009950-T01-IM5	1.35E+00	1.28E+00	1.15E+00	3.41E-01
P-0010008-T01-IM5	9.08E-02	1.52E-01	2.19E-01	1.82E-01
P-0010115-T01-IM5	1.14E+00	1.00E+00	1.07E+00	2.25E-01
P-0010140-T02-IM5	3.89E-02	7.18E-02	5.95E-02	8.42E-02
P-0010232-T01-IM5	3.11E-01	3.55E-01	3.30E-01	2.76E-01
P-0010249-T01-IM5	4.50E-01	3.95E-01	4.60E-01	1.83E-01
P-0010340-T01-IM5	1.25E+00	1.55E+00	1.40E+00	2.11E-01
P-0010495-T01-IM5	6.72E-02	1.56E-01	1.69E-01	1.46E-01
P-0010596-T02-IM6	7.81E-01	7.38E-01	5.68E-01	2.34E-01
P-0010605-T01-IM5	4.92E-02	4.29E-02	3.68E-02	0.00E+00
P-0010670-T01-IM5	3.15E-01	4.41E-01	4.13E-01	1.45E-01
P-0010726-T01-IM5	2.10E+00	2.11E+00	1.78E+00	1.82E-01
P-0010805-T01-IM5	5.43E-01	4.82E-01	5.63E-01	1.72E-01
P-0010818-T01-IM5	3.61E-01	4.70E-01	4.19E-01	1.18E-01
P-0010847-T02-IM6	4.79E-01	4.62E-01	3.16E-01	1.71E-01
P-0010848-T01-IM5	3.52E-01	3.80E-01	3.43E-01	1.17E-01
P-0010915-T01-IM5	3.63E-01	3.66E-01	4.02E-01	3.11E-01
P-0010937-T01-IM5	6.68E-01	8.17E-01	7.26E-01	2.36E-01
P-0010975-T01-IM5	4.58E-02	1.06E-01	9.37E-02	1.23E-01
P-0011047-T01-IM5	6.64E-01	8.41E-01	7.95E-01	2.44E-01
P-0011081-T01-IM5	2.37E-01	3.19E-01	3.54E-01	1.39E-01
P-0011216-T01-IM5	4.39E-01	3.92E-01	4.50E-01	2.07E-01
P-0011269-T01-IM5	6.43E-01	7.60E-01	6.07E-01	1.68E-01
P-0011297-T01-IM5	2.14E-01	2.07E-01	1.36E-01	9.15E-02
P-0011467-T01-IM5	1.46E+00	1.34E+00	1.17E+00	2.68E-01
P-0011476-T01-IM5	2.39E-01	2.05E-01	6.97E-02	1.42E-01
P-0011594-T01-IM5	3.17E-01	3.15E-01	1.71E-01	1.64E-01
P-0012080-T01-IM5	6.29E-01	6.98E-01	5.19E-01	1.96E-01
P-0012119-T01-IM5	4.02E-01	3.85E-01	3.22E-01	1.50E-01
P-0012194-T01-IM5	7.26E-01	8.97E-01	7.80E-01	1.86E-01
P-0012315-T01-IM5	3.30E-01	4.73E-01	4.37E-01	1.38E-01
P-0012361-T01-IM5	8.85E-01	1.04E+00	7.71E-01	2.77E-01
P-0012407-T01-IM5	4.88E-01	6.13E-01	5.33E-01	1.70E-01
P-0012408-T01-IM5	3.37E-01	3.75E-01	3.39E-01	2.84E-01
P-0012420-T01-IM5	2.84E-01	4.00E-01	3.00E-01	2.18E-01
P-0012446-T01-IM5	6.83E-01	7.55E-01	6.23E-01	1.15E-01
P-0012529-T01-IM5	2.46E-01	2.89E-01	2.41E-01	1.46E-01
P-0012550-T01-IM5	1.02E+00	1.07E+00	9.95E-01	3.98E-01
P-0012551-T01-IM5	2.70E-01	2.02E-01	1.82E-01	2.49E-01
P-0012780-T01-IM5	9.00E-02	1.81E-01	2.12E-01	2.40E-01
P-0012783-T01-IM5	4.79E-01	5.37E-01	4.20E-01	2.71E-01
P-0012856-T01-IM5	6.15E-01	6.70E-01	6.58E-01	2.81E-01
P-0012860-T01-IM5	2.16E+00	2.40E+00	1.91E+00	2.57E-01
P-0012865-T01-IM5	7.68E-01	7.92E-01	6.50E-01	3.08E-01
P-0012884-T01-IM5	2.23E-02	6.74E-02	8.24E-02	8.44E-02
P-0012924-T01-IM5	4.29E-02	4.02E-02	4.76E-02	4.16E-02
P-0012968-T01-IM5	2.84E-01	2.96E-01	1.87E-01	1.55E-01
P-0012999-T01-IM5	5.70E-01	5.90E-01	3.53E-01	1.78E-01
P-0013025-T01-IM5	3.90E-01	3.99E-01	2.64E-01	1.98E-01
P-0013111-T01-IM5	3.25E-01	4.00E-01	4.37E-01	3.23E-01
P-0013166-T01-IM5	9.34E-01	1.15E+00	8.67E-01	2.91E-01
P-0013180-T01-IM5	3.18E-01	2.88E-01	2.63E-01	1.57E-01
P-0013232-T01-IM5	9.91E-01	1.04E+00	7.44E-01	3.09E-01
P-0013274-T01-IM5	2.92E-01	2.77E-01	1.87E-01	1.36E-01
P-0013318-T01-IM5	1.90E-01	2.07E-01	2.05E-01	2.26E-01
P-0013341-T01-IM5	4.58E-01	5.11E-01	5.27E-01	1.51E-01
P-0013343-T01-IM5	4.41E-01	4.83E-01	4.60E-01	1.60E-01
P-0013356-T01-IM5	6.54E-01	6.84E-01	6.34E-01	1.49E-01
P-0013383-T01-IM5	8.99E-01	1.02E+00	6.65E-01	2.26E-01
P-0013389-T01-IM5	1.35E-01	2.41E-01	2.53E-01	1.86E-01
P-0013413-T01-IM5	6.35E-01	6.53E-01	4.99E-01	2.59E-01
P-0013448-T01-IM5	2.99E-01	3.03E-01	2.64E-01	2.01E-01
P-0013451-T01-IM5	4.64E-02	9.90E-02	1.35E-01	1.48E-01
P-0013481-T01-IM5	2.81E-01	2.96E-01	2.50E-01	1.45E-01
P-0013525-T01-IM5	2.90E-01	2.65E-01	2.19E-01	1.17E-01
P-0013596-T01-IM5	2.74E-01	3.64E-01	2.67E-01	2.87E-01
P-0013598-T01-IM5	3.70E-01	4.83E-01	4.52E-01	3.26E-01
P-0013659-T01-IM5	2.51E-01	2.48E-01	2.63E-01	1.53E-01
P-0013679-T01-IM5	4.42E-01	4.42E-01	4.02E-01	3.36E-01
P-0013765-T01-IM5	2.22E-01	1.83E-01	1.82E-01	1.73E-01
P-0013910-T01-IM5	4.88E-01	4.45E-01	4.72E-01	3.58E-01
P-0014047-T03-IM6	4.61E-01	5.27E-01	4.17E-01	2.03E-01
P-0014137-T01-IM5	5.87E-01	6.17E-01	5.61E-01	1.36E-01
P-0014148-T01-IM5	8.30E-01	1.05E+00	8.24E-01	3.88E-01
P-0014159-T01-IM5	3.48E-01	3.75E-01	3.19E-01	3.15E-01
P-0014206-T01-IM6	5.77E-01	7.46E-01	7.04E-01	1.51E-01
P-0014208-T01-IM6	5.58E-01	4.94E-01	3.63E-01	2.71E-01
P-0014227-T01-IM6	6.63E-01	9.02E-01	9.66E-01	4.02E-01
P-0014229-T01-IM6	6.88E-01	7.35E-01	7.96E-01	1.58E-01
P-0014242-T01-IM6	6.92E-01	6.57E-01	5.42E-01	1.78E-01
P-0014311-T01-IM6	4.61E-02	1.00E-01	8.52E-02	1.24E-01
P-0014379-T01-IM6	5.70E-02	1.00E-01	1.11E-01	1.01E-01
P-0014392-T01-IM6	6.55E-01	7.20E-01	4.91E-01	1.76E-01
P-0014449-T01-IM6	8.83E-02	7.71E-02	7.08E-02	7.12E-02
P-0014556-T01-IM6	4.29E-01	4.82E-01	4.91E-01	1.63E-01
P-0014682-T01-IM6	4.09E-02	3.86E-02	4.02E-02	4.94E-02
P-0014910-T01-IM6	7.65E-01	7.08E-01	6.59E-01	3.48E-01
P-0014946-T01-IM6	1.24E+00	1.32E+00	1.16E+00	7.43E-01
P-0014966-T01-IM6	1.84E-01	2.00E-01	1.45E-01	1.52E-01
P-0014969-T01-IM6	3.26E-01	3.01E-01	3.93E-01	3.11E-01
P-0015010-T01-IM6	4.51E-02	4.29E-02	1.71E-02	1.00E-02
P-0015106-T01-IM6	4.15E-01	4.77E-01	4.63E-01	2.45E-01
P-0015122-T01-IM6	2.57E-01	2.60E-01	3.15E-01	1.83E-01
P-0015142-T01-IM6	2.78E-01	2.62E-01	1.23E-01	1.04E-01
P-0015257-T01-IM6	1.48E+00	1.50E+00	1.31E+00	2.94E-01
P-0015261-T01-IM6	1.16E+00	1.17E+00	9.28E-01	4.12E-01
P-0015281-T01-IM6	4.81E-01	5.63E-01	5.08E-01	2.74E-01
P-0015373-T01-IM6	6.34E-01	7.09E-01	5.38E-01	2.54E-01
P-0015386-T01-IM6	1.18E+00	1.22E+00	1.04E+00	2.04E-01
P-0015407-T01-IM6	5.88E-01	5.65E-01	5.59E-01	3.91E-01
P-0015415-T01-IM6	1.56E+00	1.81E+00	1.60E+00	4.35E-01
P-0015438-T01-IM6	1.56E+00	1.73E+00	1.34E+00	1.70E-01
P-0015462-T01-IM6	1.40E-01	1.49E-01	9.73E-02	1.44E-01
P-0015471-T01-IM6	8.24E-02	6.04E-02	5.06E-02	8.21E-02
P-0015498-T01-IM6	3.45E-01	3.23E-01	2.99E-01	2.32E-01
P-0015511-T01-IM6	4.23E-01	4.37E-01	2.07E-01	1.92E-01
P-0015512-T01-IM6	1.85E+00	2.16E+00	1.65E+00	4.61E-01
P-0015521-T01-IM6	4.46E-01	4.62E-01	3.43E-01	2.16E-01
P-0015526-T01-IM6	9.91E-01	1.06E+00	7.13E-01	1.45E-01
P-0015530-T01-IM6	2.13E-01	1.62E-01	1.59E-01	1.60E-01
P-0015544-T01-IM6	3.14E-01	3.91E-01	3.37E-01	2.21E-01
P-0015612-T01-IM6	5.62E-01	6.50E-01	5.01E-01	1.81E-01
P-0015679-T01-IM6	8.21E-02	1.67E-01	9.90E-02	1.80E-01
P-0015694-T01-IM6	4.47E-01	5.38E-01	5.63E-01	9.04E-02
P-0015697-T01-IM6	3.74E-01	4.64E-01	4.73E-01	1.76E-01
P-0015718-T01-IM6	4.87E-01	4.65E-01	4.74E-01	3.28E-01
P-0015791-T01-IM6	1.83E-01	2.21E-01	1.77E-01	2.26E-01
P-0015827-T01-IM6	7.91E-01	7.80E-01	7.75E-01	3.88E-01
P-0015830-T01-IM6	9.77E-01	9.25E-01	8.00E-01	4.47E-01
P-0015832-T01-IM6	8.07E-01	8.38E-01	7.67E-01	3.06E-01
P-0015855-T02-IM6	3.77E-01	3.75E-01	2.96E-01	1.84E-01
P-0015881-T03-IM6	4.60E-01	5.85E-01	5.46E-01	1.75E-01
P-0015882-T01-IM6	7.41E-01	7.20E-01	7.42E-01	2.15E-01
P-0015895-T02-IM6	3.51E-01	3.90E-01	3.23E-01	1.26E-01
P-0015917-T01-IM6	8.30E-01	8.19E-01	6.40E-01	3.63E-01
P-0015959-T01-IM6	5.54E-01	6.50E-01	6.26E-01	2.14E-01
P-0016018-T01-IM6	3.56E-01	3.60E-01	3.42E-01	2.97E-01
P-0016027-T01-IM6	6.04E-01	6.72E-01	6.47E-01	1.15E-01
P-0016177-T01-IM6	1.04E-01	1.41E-01	1.05E-01	1.76E-01
P-0016197-T01-IM6	6.24E-01	7.13E-01	7.54E-01	1.56E-01
P-0016282-T01-IM6	8.43E-01	9.14E-01	8.12E-01	4.14E-02
P-0016327-T01-IM6	5.52E-01	4.94E-01	4.06E-01	9.41E-02
P-0016328-T01-IM6	3.80E-01	3.66E-01	2.84E-01	1.58E-01
P-0016347-T01-IM6	6.51E-01	5.75E-01	6.09E-01	2.44E-01
P-0016506-T01-IM6	1.43E-01	1.41E-01	7.04E-02	8.45E-02
P-0016530-T01-IM6	2.89E-01	2.68E-01	1.87E-01	7.36E-02
P-0016533-T01-IM6	1.68E-01	2.47E-01	2.62E-01	1.56E-01
P-0016596-T01-IM6	6.25E-01	6.94E-01	7.35E-01	8.19E-01
P-0016799-T01-IM6	1.84E-01	1.80E-01	1.15E-01	1.40E-01
P-0016800-T01-IM6	1.59E-01	1.03E-01	1.24E-01	8.35E-02
P-0016853-T02-IM6	3.28E-01	3.20E-01	3.09E-01	2.09E-01
P-0016928-T01-IM6	1.12E+00	1.36E+00	1.08E+00	4.00E-01
P-0016935-T01-IM6	1.31E+00	1.81E+00	1.61E+00	5.13E-01
P-0017003-T01-IM6	2.87E-01	3.88E-01	3.65E-01	2.32E-01
P-0017047-T01-IM6	9.09E-01	1.00E+00	6.56E-01	4.43E-01
P-0017054-T01-IM6	2.97E-02	5.97E-02	6.44E-02	8.15E-02
P-0017176-T01-IM6	4.56E-01	4.94E-01	3.68E-01	1.04E-01
P-0017215-T01-IM5	4.48E-01	5.86E-01	5.76E-01	6.09E-02
P-0017272-T01-IM6	3.82E-01	4.11E-01	2.86E-01	9.54E-02
P-0017353-T01-IM6	1.49E-01	1.61E-01	1.62E-01	1.41E-01
P-0017361-T01-IM6	5.11E-01	5.11E-01	4.89E-01	2.66E-01
P-0017384-T01-IM6	7.56E-02	1.43E-01	1.15E-01	1.73E-01
P-0017461-T01-IM6	1.26E-01	2.04E-01	2.06E-01	2.31E-01
P-0017506-T01-IM6	1.94E+00	2.05E+00	1.73E+00	2.28E-01
P-0017512-T01-IM6	5.00E-01	6.24E-01	6.31E-01	5.81E-01
P-0017539-T01-IM5	2.19E-01	2.37E-01	1.65E-01	1.23E-01
P-0017635-T01-IM5	2.23E-01	2.03E-01	1.71E-01	1.95E-01
P-0017636-T01-IM5	7.92E-02	5.87E-02	2.97E-02	7.83E-02
P-0017683-T01-IM6	1.05E+00	9.97E-01	8.91E-01	2.32E-01
P-0017690-T04-IM6	2.58E-01	2.28E-01	2.86E-01	1.32E-01
P-0017702-T01-IM6	7.28E-01	7.53E-01	6.67E-01	2.50E-01
P-0017744-T01-IM6	3.64E-01	3.19E-01	2.77E-01	1.00E-01
P-0017797-T01-IM6	9.03E-01	1.02E+00	8.51E-01	1.92E-01
P-0017815-T01-IM6	1.00E-01	1.37E-01	1.40E-01	1.55E-01
P-0017830-T01-IM6	1.54E+00	1.82E+00	1.16E+00	2.83E-01
P-0017943-T01-IM6	2.73E-01	2.49E-01	2.20E-01	1.97E-01
P-0017966-T01-IM6	3.37E-01	3.30E-01	3.01E-01	3.01E-01
P-0018031-T01-IM6	3.07E-01	3.41E-01	2.48E-01	2.29E-01
P-0018042-T01-IM6	7.10E-01	7.82E-01	7.39E-01	2.41E-01
P-0018059-T01-IM6	8.56E-01	8.93E-01	7.15E-01	1.58E-01
P-0018102-T01-IM6	1.06E-01	1.04E-01	5.39E-02	1.02E-01
P-0018132-T01-IM6	3.17E-01	3.37E-01	2.83E-01	8.96E-02
P-0018233-T01-IM6	3.20E-01	3.25E-01	2.97E-01	1.89E-01
P-0018304-T01-IM6	2.23E-01	2.14E-01	1.76E-01	2.06E-01
P-0018422-T01-IM6	2.73E-02	3.86E-02	4.69E-02	4.96E-02
P-0018444-T01-IM6	3.80E-01	4.44E-01	4.16E-01	2.14E-01
P-0018466-T01-IM6	3.10E-01	2.78E-01	2.52E-01	6.36E-02
P-0018561-T01-IM6	1.51E+00	1.75E+00	1.54E+00	3.60E-01
P-0018600-T01-IM6	1.09E+00	1.37E+00	1.23E+00	4.80E-01
P-0018656-T01-IM6	1.24E+00	1.38E+00	1.00E+00	2.62E-01
P-0018679-T01-IM6	7.32E-01	9.46E-01	8.79E-01	1.36E-01
P-0018759-T01-IM6	3.00E-01	3.13E-01	2.24E-01	1.74E-01
P-0018783-T01-IM6	9.99E-01	1.16E+00	8.29E-01	1.44E-01
P-0018819-T01-IM6	2.54E-01	2.56E-01	1.44E-01	1.48E-01
P-0018843-T01-IM6	6.47E-01	6.31E-01	4.95E-01	7.39E-02
P-0018854-T01-IM6	3.54E-01	3.33E-01	3.48E-01	1.06E-01
P-0019066-T01-IM6	4.79E-02	7.68E-02	6.37E-02	7.53E-02
P-0019137-T01-IM6	2.43E-02	8.23E-02	1.15E-01	1.20E-01
P-0019239-T01-IM6	2.32E-01	2.19E-01	1.95E-01	1.46E-01
P-0019263-T01-IM6	4.28E+00	4.78E+00	3.95E+00	3.48E-01
P-0019302-T01-IM6	2.94E-01	3.21E-01	2.62E-01	2.77E-01
P-0019333-T01-IM6	8.14E-01	7.97E-01	6.77E-01	2.45E-01
P-0019379-T01-IM6	4.59E-01	4.88E-01	4.78E-01	8.57E-02
P-0019443-T01-IM6	3.65E-01	3.60E-01	2.57E-01	1.57E-01
P-0019490-T01-IM6	9.31E-01	8.72E-01	8.69E-01	1.75E-01
P-0019557-T01-IM6	4.09E-01	3.83E-01	3.72E-01	1.89E-01
P-0019569-T01-IM6	5.29E-01	5.46E-01	4.90E-01	2.21E-01
P-0019697-T01-IM6	2.73E-01	2.18E-01	2.89E-01	2.86E-01
P-0019720-T01-IM6	8.23E-01	8.77E-01	9.18E-01	1.96E-01
P-0019861-T01-IM6	2.26E-01	1.92E-01	1.35E-01	2.00E-01
P-0019889-T02-IM6	4.69E-01	4.30E-01	3.60E-01	1.73E-01
P-0019909-T02-IM6	2.79E-01	3.50E-01	3.13E-01	1.73E-01
P-0019939-T01-IM6	8.27E-01	9.67E-01	9.26E-01	6.96E-01
P-0020082-T01-IM6	1.30E+00	1.36E+00	1.21E+00	2.91E-01
P-0020127-T01-IM6	3.88E-01	4.20E-01	3.81E-01	2.82E-01
P-0020191-T01-IM6	1.02E-01	1.21E-01	1.26E-01	6.76E-02
P-0020307-T01-IM6	1.08E+00	1.02E+00	9.88E-01	5.38E-01
P-0020319-T01-IM6	5.96E-01	6.94E-01	5.47E-01	1.08E-01
P-0020382-T01-IM6	7.75E-01	7.65E-01	5.96E-01	8.40E-02
P-0020388-T01-IM6	5.46E-01	5.94E-01	4.06E-01	1.96E-01
P-0020638-T01-IM6	6.21E-01	6.51E-01	4.85E-01	2.51E-01
P-0020641-T02-IM6	4.68E-01	5.23E-01	4.14E-01	5.09E-02
P-0020691-T01-IM6	5.25E-02	7.92E-02	1.18E-01	1.23E-01
P-0020768-T01-IM6	1.02E-01	9.60E-02	8.27E-02	8.77E-02
P-0020817-T01-IM6	2.15E+00	2.23E+00	1.79E+00	4.06E-01
P-0020913-T01-IM6	4.84E-01	4.30E-01	3.42E-01	2.33E-01
P-0020957-T01-IM6	1.01E+00	1.16E+00	1.01E+00	4.11E-01
P-0021046-T01-IM6	8.19E-01	1.02E+00	7.91E-01	4.59E-01
P-0021075-T01-IM6	6.68E-01	6.84E-01	5.55E-01	3.72E-01
P-0021121-T01-IM6	4.05E-01	5.40E-01	4.96E-01	2.47E-01
P-0021169-T01-IM6	8.31E-01	9.21E-01	7.34E-01	2.97E-01
P-0021174-T01-IM6	4.94E-01	5.02E-01	3.32E-01	1.17E-01
P-0021223-T01-IM6	1.07E+00	1.16E+00	8.56E-01	1.33E-01
P-0021331-T01-IM6	3.25E-01	2.86E-01	2.87E-01	2.56E-01
P-0021440-T01-IM6	1.28E-01	2.08E-01	2.45E-01	1.52E-01
P-0021441-T01-IM6	6.26E-02	8.91E-02	8.07E-02	1.15E-01
P-0021458-T01-IM6	5.12E-01	4.52E-01	3.75E-01	1.72E-01
P-0021469-T01-IM6	9.75E-02	1.40E-01	1.16E-01	7.26E-02
P-0021504-T01-IM6	2.44E-01	2.34E-01	2.83E-01	1.13E-01
P-0021526-T02-IM6	5.99E-01	6.17E-01	5.32E-01	2.59E-01
P-0021584-T01-IM6	4.86E-01	5.24E-01	4.63E-01	2.48E-01
P-0021708-T02-IM6	1.62E+00	1.70E+00	1.29E+00	3.85E-01
P-0021737-T01-IM6	8.86E-02	1.42E-01	2.02E-01	1.74E-01
P-0021743-T01-IM6	6.96E-01	8.55E-01	7.74E-01	6.73E-01
P-0021783-T01-IM6	5.77E-01	5.87E-01	4.74E-01	4.30E-01
P-0021842-T01-IM6	3.34E-01	3.86E-01	2.96E-01	2.48E-01
P-0021846-T01-IM6	6.37E-01	8.48E-01	7.91E-01	2.25E-01
P-0021847-T03-IM6	7.03E-01	7.48E-01	7.59E-01	2.18E-01
P-0021934-T01-IM6	2.90E-01	2.76E-01	2.24E-01	4.24E-02
P-0021948-T01-IM6	6.99E-01	7.14E-01	5.93E-01	3.07E-01
P-0021968-T01-IM6	7.83E-01	9.22E-01	9.65E-01	2.70E-01
P-0021995-T01-IM6	5.28E-01	6.88E-01	6.39E-01	3.16E-01
P-0022012-T01-IM6	1.27E-01	1.20E-01	1.40E-01	1.69E-01
P-0022019-T01-IM6	2.85E+00	3.26E+00	2.58E+00	3.73E-01
P-0022042-T01-IM6	4.03E-01	4.25E-01	3.64E-01	1.43E-01
P-0022096-T01-IM6	3.09E+00	3.68E+00	3.10E+00	4.08E-01
P-0022123-T01-IM6	4.37E-01	4.62E-01	4.24E-01	2.15E-01
P-0022140-T01-IM6	3.55E-01	3.73E-01	3.00E-01	2.07E-01
P-0022146-T01-IM6	2.99E-01	3.20E-01	2.83E-01	2.26E-01
P-0022168-T02-IM6	1.75E-01	1.84E-01	1.21E-01	1.73E-01
P-0022177-T01-IM6	2.18E-01	2.58E-01	2.12E-01	1.97E-01
P-0022232-T01-IM6	3.46E-01	4.17E-01	3.15E-01	1.89E-01
P-0022308-T01-IM6	2.72E-01	2.53E-01	1.73E-01	9.89E-02
P-0022366-T01-IM6	2.24E-01	2.69E-01	2.07E-01	1.30E-01
P-0022384-T01-IM6	3.50E-01	3.70E-01	3.68E-01	2.82E-01
P-0022471-T01-IM6	4.90E-01	5.88E-01	6.37E-01	2.93E-01
P-0022542-T02-IM6	4.87E-01	5.80E-01	5.10E-01	2.83E-01
P-0022570-T01-IM6	2.65E-01	2.96E-01	2.89E-01	5.34E-02
P-0022670-T01-IM6	1.18E-01	1.09E-01	1.28E-01	1.20E-01
P-0022680-T01-IM6	1.01E+00	9.87E-01	6.42E-01	2.34E-01
P-0022702-T01-IM6	5.50E-01	5.13E-01	3.24E-01	1.90E-01
P-0022743-T01-IM6	2.52E-01	3.32E-01	3.06E-01	0.00E+00
P-0022759-T01-IM6	4.98E-01	4.61E-01	4.26E-01	9.37E-02
P-0022795-T01-IM6	4.67E-01	5.93E-01	5.27E-01	2.96E-01
P-0022807-T04-IM6	4.25E-01	4.81E-01	4.30E-01	2.67E-01
P-0022827-T01-IM6	9.66E-01	9.76E-01	7.19E-01	2.20E-01
P-0022864-T01-IM6	1.34E-01	8.67E-02	6.13E-02	1.32E-01
P-0022885-T01-IM6	3.47E-01	4.60E-01	3.89E-01	1.26E-01
P-0022886-T01-IM6	4.98E-01	5.17E-01	3.36E-01	2.81E-01
P-0022986-T01-IM6	2.77E-01	3.64E-01	3.25E-01	2.24E-01
P-0023032-T01-IM6	4.34E-01	4.55E-01	3.64E-01	2.40E-01
P-0023041-T01-IM6	1.05E+00	1.16E+00	1.12E+00	5.62E-01
P-0023055-T01-IM6	1.12E-01	1.19E-01	6.83E-02	9.25E-02
P-0023139-T01-IM6	2.62E-01	2.36E-01	2.87E-01	2.13E-01
P-0023163-T01-IM6	1.58E+00	1.67E+00	1.54E+00	3.90E-01
P-0023356-T01-IM6	1.09E+00	1.11E+00	7.97E-01	3.19E-01
P-0023378-T01-IM6	4.24E-01	4.98E-01	3.84E-01	3.37E-01
P-0023510-T01-IM6	9.89E-01	1.08E+00	7.86E-01	2.66E-01
P-0023645-T01-IM6	2.71E-01	3.70E-01	3.32E-01	1.97E-01
P-0023733-T01-IM6	5.44E-02	1.59E-01	1.84E-01	1.55E-01
P-0023734-T01-IM6	1.97E-01	2.32E-01	2.43E-01	1.84E-01
P-0023765-T01-IM6	2.28E+00	2.82E+00	2.23E+00	5.57E-01
P-0023775-T01-IM6	1.11E-01	2.58E-01	2.38E-01	1.29E-01
P-0023777-T01-IM6	1.05E+00	1.25E+00	1.11E+00	2.90E-01
P-0023794-T01-IM6	3.71E-01	3.82E-01	3.81E-01	1.92E-01
P-0023821-T01-IM6	2.33E-01	3.47E-01	3.62E-01	9.98E-02
P-0023848-T01-IM6	6.95E-01	8.00E-01	7.86E-01	4.14E-01
P-0023973-T01-IM6	5.82E-01	5.36E-01	4.16E-01	2.89E-01
P-0023993-T01-IM6	9.11E-02	1.19E-01	9.48E-02	1.18E-01
P-0024070-T01-IM6	8.02E-01	9.25E-01	9.05E-01	4.93E-01
P-0024072-T01-IM6	1.01E+00	1.02E+00	9.56E-01	3.28E-01
P-0024110-T01-IM6	1.76E-01	1.95E-01	1.51E-01	2.09E-01
P-0024121-T01-IM6	1.35E+00	1.53E+00	1.22E+00	1.02E-01
P-0024166-T02-IM6	6.09E-01	6.78E-01	4.91E-01	1.34E-01
P-0024188-T01-IM6	5.45E-01	5.16E-01	4.91E-01	2.03E-01
P-0024221-T01-IM6	2.57E-01	1.81E-01	2.15E-01	1.50E-01
P-0024262-T01-IM6	2.96E+00	3.20E+00	2.69E+00	5.09E-01
P-0024301-T01-IM6	1.52E-01	2.36E-01	2.37E-01	1.31E-01
P-0024305-T01-IM6	4.40E-01	4.59E-01	3.48E-01	2.50E-01
P-0024339-T01-IM6	7.65E-01	8.08E-01	7.01E-01	1.39E-01
P-0024344-T01-IM6	3.38E-01	4.91E-01	4.52E-01	1.57E-01
P-0024395-T01-IM6	2.02E+00	2.20E+00	1.85E+00	5.35E-01
P-0024536-T01-IM6	5.05E-01	5.98E-01	6.21E-01	2.29E-01
P-0024595-T01-IM6	5.84E-02	6.65E-02	7.12E-02	8.07E-02
P-0024639-T01-IM6	2.79E+00	3.16E+00	2.27E+00	5.79E-01
P-0024769-T01-IM6	3.50E-01	2.71E-01	3.29E-01	2.98E-01
P-0024771-T01-IM6	1.73E-01	2.07E-01	1.95E-01	9.74E-02
P-0024830-T01-IM6	1.30E-01	1.77E-01	1.66E-01	1.56E-01
P-0024927-T01-IM6	1.60E-01	1.21E-01	7.75E-02	1.41E-01
P-0024994-T01-IM6	1.15E-01	1.38E-01	1.45E-01	1.37E-01
P-0024995-T01-IM6	4.23E-01	4.04E-01	2.63E-01	1.49E-01
P-0025093-T01-IM6	3.39E-01	3.61E-01	2.24E-01	2.86E-01
P-0025164-T01-IM6	1.06E+00	1.17E+00	8.42E-01	2.23E-01
P-0025347-T01-IM6	6.08E-01	6.49E-01	5.06E-01	2.44E-01
P-0025530-T01-IM6	4.06E-01	3.88E-01	3.92E-01	4.07E-01
P-0025541-T01-IM6	2.59E-01	3.08E-01	2.48E-01	2.16E-01
P-0025561-T01-IM6	8.30E-02	1.54E-01	1.49E-01	1.02E-01
P-0025565-T01-IM6	3.35E-01	3.91E-01	4.10E-01	1.91E-01
P-0025608-T01-IM6	2.12E-01	2.08E-01	1.75E-01	1.71E-01
P-0025733-T01-IM6	3.14E-01	3.19E-01	2.99E-01	6.95E-02
P-0025737-T01-IM6	3.59E-02	4.51E-02	3.86E-02	4.90E-02
P-0025813-T01-IM6	4.56E-01	4.91E-01	4.68E-01	1.70E-01
P-0025831-T01-IM6	2.94E-01	3.56E-01	3.52E-01	1.18E-01
P-0025853-T01-IM6	1.13E-01	1.58E-01	1.24E-01	1.57E-01
P-0025878-T01-IM6	1.94E-01	1.86E-01	1.13E-01	9.26E-02
P-0025945-T01-IM6	3.52E+00	3.73E+00	2.74E+00	3.68E-01
P-0025973-T01-IM6	3.53E+00	3.92E+00	2.88E+00	2.97E-01
P-0026008-T01-IM6	1.72E+00	1.92E+00	1.45E+00	2.61E-01
P-0026015-T01-IM6	1.35E-01	1.26E-01	1.41E-01	1.54E-01
P-0026030-T01-IM6	5.63E-01	6.55E-01	6.27E-01	2.22E-01
P-0026104-T01-IM6	5.92E-02	1.18E-01	1.35E-01	1.62E-01
P-0026158-T04-IM6	1.23E-01	1.50E-01	1.50E-01	1.70E-01
P-0026274-T02-IM6	5.04E-01	4.91E-01	4.36E-01	1.98E-01
P-0026314-T01-IM6	2.14E-01	2.29E-01	1.69E-01	1.51E-01
P-0026326-T02-IM6	3.62E-01	4.24E-01	3.79E-01	2.26E-01
P-0026354-T01-IM6	4.63E-01	4.96E-01	4.48E-01	2.98E-01
P-0026361-T01-IM6	4.09E-02	6.21E-02	5.57E-02	7.96E-02
P-0026488-T01-IM6	6.09E-01	6.36E-01	5.97E-01	2.24E-01
P-0026715-T01-IM6	1.77E-01	2.06E-01	1.33E-01	1.40E-01
P-0026804-T01-IM6	1.44E-01	1.49E-01	1.34E-01	9.37E-02
P-0026835-T01-IM6	7.24E-01	8.03E-01	6.39E-01	2.60E-01
P-0027076-T01-IM6	2.49E-01	2.18E-01	1.98E-01	1.60E-01
P-0027084-T01-IM6	5.24E-01	5.81E-01	6.10E-01	3.73E-01
P-0027104-T01-IM6	3.48E-01	3.13E-01	2.83E-01	2.50E-01
P-0027154-T01-IM6	2.80E-01	2.76E-01	1.60E-01	1.52E-01
P-0027227-T01-IM6	3.33E-01	3.55E-01	3.32E-01	1.70E-01
P-0027258-T01-IM6	8.72E-01	1.16E+00	1.07E+00	3.82E-01
P-0027270-T01-IM6	4.84E-01	5.26E-01	3.98E-01	2.71E-01
P-0027338-T01-IM6	1.03E+00	1.23E+00	1.12E+00	2.58E-01
P-0027588-T01-IM6	8.56E-02	5.33E-02	8.48E-02	4.33E-02
P-0027603-T01-IM6	5.55E-01	5.53E-01	4.55E-01	2.16E-01
P-0027626-T01-IM6	2.27E-01	2.60E-01	2.71E-01	1.60E-01
P-0027707-T01-IM6	3.30E-01	3.76E-01	3.37E-01	7.80E-02
P-0027716-T01-IM6	5.11E-01	6.28E-01	5.05E-01	2.33E-01
P-0027739-T01-IM6	3.33E-01	3.00E-01	1.96E-01	1.68E-01
P-0027752-T01-IM6	1.00E+00	1.23E+00	1.07E+00	2.78E-01
P-0027768-T01-IM6	4.62E-01	4.73E-01	3.98E-01	1.99E-01
P-0027808-T01-IM6	6.01E-01	5.62E-01	2.01E-01	1.80E-01
P-0027875-T01-IM6	2.74E-01	2.75E-01	2.95E-01	2.11E-01
P-0028040-T01-IM6	4.88E-01	5.52E-01	3.81E-01	2.24E-01
P-0028041-T01-IM6	1.94E-01	2.16E-01	1.88E-01	1.38E-01
P-0028067-T01-IM6	2.27E-01	2.02E-01	1.46E-01	1.86E-01
P-0028078-T01-IM6	2.83E-01	2.43E-01	1.78E-01	1.11E-01
P-0028101-T01-IM6	1.01E+00	1.07E+00	9.24E-01	3.00E-01
P-0028205-T01-IM6	7.44E-01	8.67E-01	6.54E-01	1.17E-01
P-0028298-T01-IM6	1.30E-01	1.41E-01	1.01E-01	1.19E-01
P-0028316-T01-IM6	2.47E-01	2.42E-01	1.52E-01	1.54E-01
P-0028477-T01-IM6	1.16E+00	1.26E+00	9.47E-01	5.11E-01
P-0028629-T01-IM6	1.14E+00	1.43E+00	1.24E+00	3.12E-01
P-0028631-T01-IM6	6.99E-01	6.42E-01	5.99E-01	4.24E-01
P-0028681-T01-IM6	2.92E-01	4.29E-01	4.92E-01	4.16E-01
P-0028849-T02-IM6	2.66E-01	4.35E-01	4.52E-01	3.03E-01
P-0028910-T01-IM6	6.52E-01	7.45E-01	4.64E-01	3.27E-01
P-0028920-T01-IM6	6.22E-01	6.83E-01	5.67E-01	1.34E-01
P-0028988-T01-IM6	5.03E-01	5.35E-01	3.83E-01	1.76E-01
P-0028993-T01-IM6	6.43E-01	6.17E-01	4.02E-01	1.75E-01
P-0029242-T01-IM6	1.95E-01	1.87E-01	1.78E-01	1.49E-01
P-0029305-T01-IM6	4.99E-01	5.70E-01	4.20E-01	1.93E-01
P-0029330-T01-IM6	1.82E-01	1.70E-01	1.81E-01	1.50E-01
P-0029332-T01-IM6	3.75E-01	3.18E-01	2.59E-01	8.55E-02
P-0029387-T01-IM6	5.76E-01	7.54E-01	7.97E-01	3.45E-01
P-0029475-T01-IM6	2.92E-01	3.44E-01	4.00E-01	2.92E-01
P-0029504-T01-IM6	3.87E+00	5.04E+00	3.99E+00	2.86E-01
P-0029544-T01-IM6	1.50E-01	1.76E-01	1.61E-01	2.17E-01
P-0029614-T01-IM6	3.44E-01	3.38E-01	2.29E-01	1.50E-01
P-0029764-T01-IM6	7.33E-01	8.52E-01	6.64E-01	2.30E-01
P-0029804-T01-IM6	1.83E-01	1.58E-01	1.13E-01	1.43E-01
P-0029808-T01-IM6	2.69E-01	2.70E-01	1.32E-01	1.29E-01
P-0029950-T01-IM6	3.60E-01	2.84E-01	4.07E-01	2.22E-01
P-0029954-T01-IM6	1.41E-02	2.88E-02	1.41E-02	3.38E-02
P-0029989-T01-IM6	3.10E-01	3.36E-01	2.89E-01	2.40E-01
P-0030112-T02-IM6	2.84E-01	2.51E-01	3.25E-01	3.22E-01
P-0030135-T01-IM6	2.70E-01	2.65E-01	2.77E-01	2.05E-01
P-0030209-T01-IM6	6.44E-01	7.29E-01	6.58E-01	2.44E-01
P-0030237-T01-IM6	1.71E-02	3.38E-02	4.65E-02	3.59E-02
P-0030248-T01-IM6	1.33E-01	1.68E-01	1.62E-01	1.53E-01
P-0030255-T01-IM6	1.19E-01	1.28E-01	1.24E-01	1.18E-01
P-0030290-T01-IM6	2.01E+00	2.45E+00	1.85E+00	4.28E-01
P-0030388-T01-IM6	2.19E-02	3.94E-02	3.86E-02	4.96E-02
P-0030475-T01-IM6	4.83E-01	4.85E-01	5.37E-01	3.39E-01
P-0030546-T01-IM6	6.59E-01	6.46E-01	4.47E-01	1.45E-01
P-0030816-T01-IM6	2.95E-01	2.98E-01	1.53E-01	1.76E-01
P-0030878-T01-IM6	1.18E-01	1.15E-01	8.54E-02	9.03E-02
P-0030903-T01-IM6	6.54E-01	5.80E-01	5.51E-01	6.52E-01
P-0030939-T01-IM6	3.30E-01	3.30E-01	2.74E-01	2.58E-01
P-0031177-T01-IM6	2.15E-01	2.04E-01	1.60E-01	2.28E-01
P-0031286-T03-IM6	9.13E-01	1.02E+00	9.37E-01	3.43E-01
P-0031640-T01-IM6	7.96E-01	7.84E-01	5.70E-01	3.70E-01
P-0031794-T01-IM6	1.18E-01	1.04E-01	4.29E-02	8.53E-02
P-0031887-T01-IM6	4.01E-01	3.42E-01	3.12E-01	1.32E-01
P-0032079-T01-IM6	4.28E-01	3.21E-01	3.75E-01	2.37E-01
P-0032185-T01-IM6	1.29E+00	1.44E+00	1.16E+00	2.27E-01
P-0032392-T01-IM6	3.94E-01	3.75E-01	2.57E-01	2.67E-01
P-0032398-T01-IM6	5.25E-01	6.15E-01	6.08E-01	3.98E-01
P-0032404-T01-IM6	1.16E+00	1.21E+00	7.66E-01	1.90E-01
P-0032570-T01-IM6	9.67E-01	1.29E+00	1.14E+00	3.49E-01
P-0032586-T01-IM6	4.79E-01	6.66E-01	6.09E-01	3.50E-01
P-0032617-T01-IM6	1.63E-01	1.43E-01	9.77E-02	1.24E-01
P-0032650-T01-IM6	1.02E+00	1.05E+00	1.18E+00	4.86E-01
P-0032691-T01-IM6	4.09E+00	4.80E+00	4.11E+00	5.45E-01
P-0032739-T01-IM6	2.70E-01	3.75E-01	3.60E-01	1.70E-01
P-0032746-T01-IM6	3.74E-01	3.89E-01	3.47E-01	3.23E-01
P-0032774-T02-IM6	8.98E-01	8.31E-01	6.18E-01	1.75E-01
P-0032780-T01-IM6	1.94E-01	1.90E-01	1.79E-01	1.18E-01
P-0032800-T01-IM6	6.76E-01	6.65E-01	3.94E-01	1.27E-01
P-0032812-T01-IM6	1.67E-01	1.42E-01	1.20E-01	1.25E-01
P-0032845-T01-IM6	4.98E-01	5.78E-01	5.15E-01	1.09E-01
P-0032896-T01-IM6	2.53E-01	2.02E-01	1.91E-01	1.45E-01
P-0032937-T01-IM6	2.39E-01	2.49E-01	1.24E-01	1.60E-01
P-0032984-T01-IM6	4.47E-01	6.32E-01	6.30E-01	1.98E-01
P-0032996-T01-IM6	3.79E-02	6.22E-02	3.73E-02	7.56E-02
P-0033003-T01-IM6	1.23E+00	1.25E+00	1.06E+00	2.62E-01
P-0033074-T01-IM6	2.24E-01	2.51E-01	1.93E-01	1.90E-01
P-0033097-T01-IM6	3.10E-01	3.52E-01	3.67E-01	3.17E-01
P-0033151-T01-IM6	3.22E-01	3.86E-01	3.20E-01	2.54E-01
P-0033199-T01-IM6	3.75E-01	3.70E-01	2.83E-01	1.75E-01
P-0033292-T01-IM6	8.45E-02	1.69E-01	1.62E-01	1.57E-01
P-0033354-T01-IM6	4.77E-02	6.62E-02	7.91E-02	9.75E-02
P-0033363-T01-IM6	6.31E-02	1.18E-01	9.02E-02	1.02E-01
P-0033378-T01-IM6	1.75E+00	2.26E+00	2.00E+00	4.59E-01
P-0033470-T01-IM6	3.60E-01	3.75E-01	4.03E-01	1.76E-01
P-0033610-T01-IM6	1.64E-01	1.16E-01	1.03E-01	1.31E-01
P-0033649-T01-IM6	4.87E-01	5.57E-01	4.02E-01	1.86E-01
P-0033654-T01-IM6	1.04E+00	1.18E+00	1.01E+00	2.69E-01
P-0033782-T01-IM6	6.87E-01	6.80E-01	5.10E-01	2.48E-01
P-0033795-T01-IM6	1.41E-01	1.10E-01	9.69E-02	8.80E-02
P-0033935-T01-IM6	9.72E-01	1.08E+00	8.18E-01	3.92E-01
P-0033950-T01-IM6	2.70E-01	2.42E-01	1.68E-01	1.56E-01
P-0033965-T01-IM6	5.76E-01	6.99E-01	5.81E-01	1.10E-01
P-0034034-T01-IM6	2.35E-01	2.17E-01	1.73E-01	1.88E-01
P-0034042-T01-IM6	7.88E-01	8.30E-01	7.10E-01	1.87E-01
P-0034168-T01-IM6	2.14E-01	2.02E-01	1.14E-01	8.58E-02
P-0034178-T01-IM6	1.87E-01	1.52E-01	1.86E-01	1.58E-01
P-0034234-T01-IM6	4.14E-01	4.07E-01	3.96E-01	2.85E-01
P-0034282-T01-IM6	5.39E-01	5.52E-01	3.96E-01	2.66E-01
P-0034283-T01-IM6	8.44E-01	9.64E-01	7.68E-01	2.52E-01
P-0034288-T01-IM6	3.78E-01	3.38E-01	2.62E-01	2.38E-01
P-0034303-T01-IM6	3.79E-01	4.95E-01	3.82E-01	2.00E-01
P-0034370-T01-IM6	3.99E-01	4.02E-01	2.95E-01	1.32E-01
P-0034392-T01-IM6	2.07E-01	1.94E-01	1.57E-01	1.39E-01
P-0034579-T01-IM6	2.82E-01	2.80E-01	2.28E-01	2.88E-01
P-0034585-T01-IM6	8.60E-01	1.01E+00	1.06E+00	1.58E-01
P-0034592-T01-IM6	3.09E-01	4.40E-01	4.46E-01	1.36E-01
P-0034621-T01-IM6	5.95E-01	6.43E-01	4.99E-01	1.43E-01
P-0034697-T01-IM6	5.44E-01	5.93E-01	4.60E-01	2.65E-01
P-0034710-T01-IM6	8.54E-02	1.25E-01	1.28E-01	1.50E-01
P-0035069-T01-IM6	4.09E-02	3.86E-02	4.02E-02	4.94E-02
P-0035134-T01-IM6	4.51E-01	3.71E-01	3.93E-01	1.26E-01
P-0035224-T01-IM6	1.92E+00	1.86E+00	1.45E+00	5.17E-01
P-0035430-T01-IM6	1.36E-01	1.58E-01	1.53E-01	7.26E-02
P-0035511-T02-IM6	4.19E-01	5.11E-01	4.90E-01	1.40E-01
P-0035523-T01-IM6	2.77E-01	2.82E-01	2.17E-01	2.44E-01
P-0035564-T01-IM6	3.56E-01	3.84E-01	3.19E-01	1.88E-01
P-0035784-T01-IM6	9.91E-01	9.31E-01	9.84E-01	4.40E-01
P-0035813-T01-IM6	1.41E-02	2.88E-02	1.41E-02	3.38E-02
P-0035910-T01-IM6	2.26E+00	2.59E+00	2.06E+00	3.43E-01
P-0035974-T01-IM6	8.93E-01	1.03E+00	9.50E-01	4.93E-01
P-0036089-T01-IM6	2.18E-01	2.78E-01	2.88E-01	1.58E-01
P-0036095-T01-IM6	1.01E+00	1.22E+00	1.18E+00	1.98E-01
P-0036159-T01-IM6	3.46E-01	3.73E-01	3.06E-01	1.12E-01
P-0036240-T01-IM6	3.68E-01	4.11E-01	3.35E-01	1.55E-01
P-0036241-T01-IM6	4.08E-01	3.26E-01	3.62E-01	2.20E-01
P-0036260-T01-IM6	4.62E-01	4.61E-01	5.10E-01	2.11E-01
P-0036578-T01-IM6	1.19E-01	1.14E-01	1.52E-01	1.19E-01
P-0036680-T01-IM6	3.66E-01	4.56E-01	3.91E-01	2.50E-01
P-0036712-T01-IM6	3.93E-01	3.66E-01	2.93E-01	1.04E-01
P-0036733-T05-IM6	1.16E+00	1.21E+00	9.92E-01	5.35E-01
P-0036794-T01-IM6	2.79E-01	2.15E-01	2.38E-01	2.67E-01
P-0036809-T01-IM6	2.38E+00	2.73E+00	2.08E+00	6.00E-01
P-0036862-T01-IM6	2.34E-01	2.54E-01	2.40E-01	1.65E-01
P-0036873-T01-IM6	3.55E-01	2.56E-01	2.75E-01	2.00E-01
P-0037010-T01-IM6	1.18E-01	7.98E-02	5.06E-02	9.75E-02
P-0037110-T01-IM6	1.88E+00	2.10E+00	1.63E+00	4.97E-01
P-0037116-T01-IM6	1.58E-01	1.92E-01	1.45E-01	1.71E-01
P-0037118-T01-IM6	4.70E-01	5.28E-01	4.19E-01	2.32E-01
P-0037130-T01-IM6	1.21E+00	1.31E+00	8.56E-01	2.42E-01
P-0037309-T01-IM6	5.52E-01	5.51E-01	4.32E-01	2.20E-01
P-0037336-T01-IM6	2.08E-01	1.60E-01	1.49E-01	1.40E-01
P-0037380-T01-IM6	3.57E-01	3.49E-01	2.25E-01	1.55E-01
P-0037408-T01-IM6	1.40E+00	1.55E+00	1.25E+00	1.10E-01
P-0037493-T01-IM6	1.41E-02	2.88E-02	1.41E-02	3.38E-02
P-0037606-T02-IM6	8.32E-01	9.19E-01	7.84E-01	2.56E-01
P-0037685-T01-IM6	4.35E-01	5.55E-01	4.19E-01	4.61E-01
P-0037749-T01-IM6	2.74E-01	3.00E-01	2.86E-01	1.90E-01
P-0037755-T01-IM6	3.48E-01	3.76E-01	2.94E-01	9.78E-02
P-0037873-T01-IM6	6.63E-01	7.30E-01	5.75E-01	2.06E-01
P-0037913-T01-IM6	8.97E-01	1.03E+00	1.03E+00	2.02E-01
P-0037955-T01-IM6	4.50E-01	4.64E-01	3.16E-01	1.16E-01
P-0038079-T01-IM6	4.65E-02	7.85E-02	6.15E-02	8.35E-02
P-0038279-T01-IM6	1.07E+00	1.22E+00	9.96E-01	1.07E-01
P-0038372-T01-IM6	6.50E-01	6.31E-01	5.37E-01	2.28E-01
P-0038408-T01-IM6	3.11E-01	3.06E-01	3.40E-01	2.64E-01
P-0038509-T01-IM6	2.43E-01	2.28E-01	1.27E-01	1.52E-01
P-0038676-T01-IM6	4.64E-02	7.09E-02	5.63E-02	9.16E-02
P-0038722-T01-IM6	1.36E+00	1.78E+00	1.54E+00	5.43E-01
P-0038799-T01-IM6	6.29E-01	7.12E-01	6.47E-01	3.98E-01
P-0038817-T01-IM6	2.68E-01	2.27E-01	2.16E-01	1.08E-01
P-0038936-T01-IM6	2.48E+00	2.88E+00	2.48E+00	4.71E-01
P-0038967-T01-IM6	2.17E-01	2.60E-01	2.08E-01	2.16E-01
P-0039052-T01-IM6	6.37E-01	6.96E-01	5.67E-01	2.05E-01
P-0039091-T01-IM6	1.88E+00	1.92E+00	1.51E+00	4.71E-01
P-0039162-T01-IM6	1.45E-01	1.12E-01	1.11E-01	1.16E-01
P-0039170-T01-IM6	4.92E-01	4.83E-01	5.43E-01	1.29E-01
P-0039179-T01-IM6	3.38E+00	4.12E+00	3.19E+00	1.45E-01
P-0039287-T01-IM6	4.50E-01	4.74E-01	4.11E-01	2.58E-01
P-0039360-T01-IM6	3.25E-01	3.08E-01	3.60E-01	1.81E-01
P-0039410-T01-IM6	2.99E-01	3.57E-01	2.77E-01	1.93E-01
P-0039415-T01-IM6	7.25E-01	6.81E-01	3.55E-01	2.16E-01
P-0039426-T01-IM6	8.96E-01	9.64E-01	7.06E-01	1.04E-01
P-0039447-T01-IM6	4.30E-01	4.98E-01	4.26E-01	2.39E-01
P-0039629-T01-IM6	1.94E-01	1.97E-01	1.78E-01	1.13E-01
P-0039687-T02-IM6	2.76E-01	3.92E-01	3.80E-01	2.20E-01
P-0039787-T01-IM6	1.35E-01	1.88E-01	2.08E-01	2.28E-01
P-0040045-T01-IM6	2.18E-01	2.51E-01	2.48E-01	1.59E-01
P-0040076-T01-IM6	3.03E-01	2.66E-01	2.69E-01	1.12E-01
P-0040090-T01-IM6	3.94E-01	3.43E-01	2.88E-01	2.31E-01
P-0040246-T01-IM6	9.95E-01	8.76E-01	9.64E-01	3.04E-01
P-0040265-T01-IM6	4.44E-01	3.81E-01	2.55E-01	2.06E-01
P-0040623-T01-IM6	1.79E+00	1.92E+00	1.29E+00	5.06E-01
P-0040648-T01-IM6	4.38E-01	4.47E-01	4.47E-01	2.86E-01
P-0040673-T01-IM6	6.36E-01	6.65E-01	5.13E-01	2.95E-01
P-0040688-T01-IM6	1.47E-01	1.59E-01	1.80E-01	1.20E-01
P-0040785-T01-IM6	2.75E-01	2.19E-01	2.34E-01	7.47E-02
P-0040819-T01-IM6	1.18E+00	1.42E+00	1.15E+00	1.83E-01
P-0040837-T01-IM6	2.35E-01	2.58E-01	2.50E-01	2.16E-01
P-0040959-T01-IM6	2.91E+00	3.15E+00	2.35E+00	3.66E-01
P-0041024-T01-IM6	4.93E-02	7.71E-02	8.44E-02	7.18E-02
P-0041068-T01-IM6	8.40E-01	8.26E-01	6.54E-01	7.91E-02
P-0041122-T01-IM6	4.98E-02	1.28E-01	1.18E-01	1.64E-01
P-0041173-T01-IM6	1.94E+00	2.71E+00	2.33E+00	7.72E-01
P-0041199-T01-IM6	1.52E-01	1.72E-01	1.76E-01	1.34E-01
P-0041200-T01-IM6	3.99E-01	4.89E-01	3.83E-01	2.21E-01
P-0041256-T02-IM6	2.52E-01	3.34E-01	2.61E-01	3.40E-01
P-0041327-T01-IM6	1.08E-01	1.90E-01	1.75E-01	1.17E-01
P-0041437-T01-IM6	5.82E+00	6.12E+00	5.06E+00	4.37E-01
P-0041460-T01-IM6	5.13E-02	9.48E-02	9.26E-02	1.18E-01
P-0041526-T01-IM6	2.06E-01	2.55E-01	2.54E-01	2.79E-01
P-0041588-T01-IM6	1.06E+00	1.31E+00	1.08E+00	4.35E-01
P-0041720-T01-IM6	7.70E-01	8.09E-01	7.75E-01	4.04E-01
P-0041938-T01-IM6	7.43E-01	8.66E-01	8.29E-01	3.06E-01
P-0042134-T01-IM6	4.07E-01	4.07E-01	3.30E-01	2.65E-01
P-0042278-T01-IM6	3.12E-02	6.53E-02	8.05E-02	8.39E-02
P-0042342-T01-IM6	3.05E-01	3.85E-01	2.90E-01	2.21E-01
P-0042545-T01-IM6	2.73E-01	3.47E-01	3.12E-01	1.17E-01
P-0042585-T01-IM6	4.97E-01	4.93E-01	4.82E-01	2.02E-01
P-0042646-T01-IM6	1.71E-02	2.73E-02	2.73E-02	3.94E-02
P-0042758-T01-IM6	4.11E-01	4.45E-01	3.91E-01	1.78E-01
P-0042849-T01-IM6	1.17E+00	1.14E+00	8.78E-01	2.04E-01
P-0042912-T01-IM6	8.72E-02	1.02E-01	8.91E-02	1.28E-01
P-0042993-T01-IM6	5.44E-01	5.39E-01	3.36E-01	1.04E-01
P-0043072-T01-IM6	7.14E-01	7.37E-01	4.99E-01	9.69E-02
P-0043094-T02-IM6	5.48E-01	5.19E-01	4.36E-01	1.61E-01
P-0043339-T01-IM6	3.89E-02	8.29E-02	5.18E-02	8.29E-02
P-0043362-T01-IM6	1.41E-02	2.88E-02	1.41E-02	3.38E-02
P-0043393-T01-IM6	2.58E-01	2.46E-01	1.20E-01	1.47E-01
P-0043408-T01-IM6	6.95E-01	8.34E-01	8.25E-01	3.15E-01
P-0043411-T01-IM6	6.99E-01	6.34E-01	6.33E-01	2.23E-01
P-0043570-T01-IM6	1.28E+00	1.35E+00	1.30E+00	2.67E-01
P-0043669-T01-IM6	7.25E-01	8.19E-01	6.51E-01	1.30E-01
P-0043691-T01-IM6	5.27E-01	6.06E-01	5.00E-01	2.89E-01
P-0043852-T01-IM6	3.10E-01	3.12E-01	1.80E-01	1.23E-01
P-0043916-T01-IM6	1.24E+00	1.29E+00	1.24E+00	5.29E-01
P-0043917-T01-IM6	6.69E-01	6.89E-01	4.55E-01	1.42E-01
P-0043927-T01-IM6	1.41E-02	2.88E-02	1.41E-02	3.38E-02
P-0044148-T01-IM6	1.83E-01	2.60E-01	2.63E-01	1.71E-01
P-0044211-T01-IM6	2.76E-01	2.52E-01	1.79E-01	1.65E-01
P-0044212-T01-IM6	3.79E-01	4.69E-01	4.77E-01	2.19E-01
P-0044475-T01-IM6	5.09E-01	6.76E-01	5.44E-01	2.69E-01
P-0044756-T01-IM6	5.00E-01	4.09E-01	4.32E-01	2.51E-01
P-0044900-T01-IM6	6.47E-02	6.47E-02	8.10E-02	9.24E-02
P-0044908-T01-IM6	2.19E-01	1.68E-01	1.79E-01	1.43E-01
P-0044952-T01-IM6	4.97E-01	5.72E-01	5.38E-01	3.05E-01
P-0044955-T01-IM6	1.11E-01	1.30E-01	1.25E-01	1.49E-01
P-0045141-T01-IM6	3.39E-01	3.94E-01	3.38E-01	2.13E-01
P-0045164-T01-IM6	5.67E-01	6.39E-01	4.71E-01	2.57E-01
P-0045187-T01-IM6	7.07E-01	8.16E-01	6.70E-01	1.66E-01
P-0045233-T01-IM6	8.80E-02	1.38E-01	1.33E-01	1.75E-01
P-0045248-T01-IM6	2.49E-01	2.77E-01	2.22E-01	2.17E-01
P-0045293-T01-IM6	2.59E-01	2.38E-01	2.25E-01	2.12E-01
P-0045319-T01-IM6	2.99E-01	2.70E-01	2.26E-01	1.55E-01
P-0045374-T01-IM6	7.52E-01	7.21E-01	6.20E-01	3.53E-01
P-0045450-T01-IM6	1.47E-01	1.65E-01	1.75E-01	8.47E-02
P-0045464-T01-IM6	3.68E-02	4.09E-02	4.92E-02	1.71E-02
P-0045510-T01-IM6	7.05E-01	7.11E-01	5.79E-01	2.66E-01
P-0045573-T01-IM6	5.96E-01	7.35E-01	5.07E-01	2.61E-01
P-0045574-T01-IM6	4.53E-01	3.83E-01	4.64E-01	1.61E-01
P-0045688-T01-IM6	6.28E-01	6.99E-01	7.06E-01	3.18E-01
P-0045711-T01-IM6	3.26E-01	3.59E-01	3.61E-01	9.61E-02
P-0045820-T01-IM6	4.09E-02	8.15E-02	5.37E-02	8.23E-02
P-0045876-T01-IM6	3.25E-01	3.29E-01	3.24E-01	1.28E-01
P-0045921-T01-IM6	1.15E-01	1.59E-01	1.20E-01	1.43E-01
P-0045925-T01-IM6	3.11E-01	3.26E-01	2.55E-01	1.86E-01
P-0046036-T01-IM6	3.11E-01	2.65E-01	2.24E-01	1.83E-01
P-0046051-T01-IM6	3.91E-01	4.16E-01	3.43E-01	2.43E-01
P-0046236-T01-IM6	9.88E-01	1.17E+00	1.08E+00	1.15E-01
P-0046396-T01-IM6	3.58E-01	3.15E-01	2.67E-01	1.87E-01
P-0046405-T01-IM6	1.31E+00	1.36E+00	9.80E-01	1.82E-01
P-0046494-T02-IM6	5.67E-02	8.31E-02	1.04E-01	1.26E-01
P-0046563-T01-IM6	3.09E+00	3.36E+00	2.48E+00	6.34E-01
P-0046599-T01-IM6	6.76E-02	1.16E-01	1.01E-01	1.33E-01
P-0046665-T01-IM6	4.93E-02	7.53E-02	7.27E-02	9.15E-02
P-0046756-T01-IM6	1.36E-01	1.39E-01	1.39E-01	7.26E-02
P-0046781-T01-IM6	1.19E-01	2.06E-01	2.24E-01	2.54E-01
P-0046801-T01-IM6	7.19E-01	7.79E-01	6.09E-01	2.12E-01
P-0046816-T01-IM6	8.61E-02	8.57E-02	1.08E-01	1.04E-01
P-0046842-T01-IM6	8.79E-01	8.27E-01	5.25E-01	2.00E-01
P-0047000-T01-IM6	7.77E-02	9.03E-02	9.63E-02	1.06E-01
P-0047235-T01-IM6	1.57E-01	1.65E-01	1.24E-01	1.23E-01
P-0047254-T01-IM6	4.95E-01	6.40E-01	6.53E-01	1.33E-01
P-0047315-T01-IM6	3.70E-01	3.44E-01	2.84E-01	1.15E-01
P-0047341-T01-IM6	1.74E+00	1.82E+00	1.21E+00	3.20E-01
P-0047357-T01-IM6	4.94E-01	5.20E-01	4.93E-01	1.84E-01
P-0047457-T01-IM6	5.12E-01	5.25E-01	4.85E-01	2.72E-01
P-0047507-T01-IM6	8.56E-01	1.06E+00	8.61E-01	1.99E-01
P-0047596-T01-IM6	3.96E-01	3.94E-01	3.21E-01	8.53E-02
P-0047617-T01-IM6	8.15E-02	1.14E-01	1.27E-01	1.61E-01
P-0047638-T01-IM6	1.54E-01	1.40E-01	1.05E-01	1.31E-01
P-0047757-T01-IM6	2.00E-01	2.03E-01	1.86E-01	2.12E-01
P-0047759-T01-IM6	5.70E-01	6.09E-01	4.29E-01	2.07E-01
P-0047965-T01-IM6	1.49E-01	2.08E-01	2.06E-01	1.56E-01
P-0047976-T01-IM6	1.41E-02	2.88E-02	1.41E-02	3.38E-02
P-0047981-T01-IM6	2.93E-01	2.28E-01	2.56E-01	2.24E-01
P-0048080-T01-IM6	5.17E-01	5.36E-01	4.43E-01	2.42E-01
P-0048111-T01-IM6	3.87E-01	3.99E-01	3.94E-01	1.87E-01
P-0048144-T01-IM6	4.92E-02	4.29E-02	3.68E-02	0.00E+00
P-0048253-T01-IM6	4.09E-02	3.86E-02	4.02E-02	4.94E-02
P-0048261-T01-IM6	3.76E-01	3.64E-01	2.64E-01	1.36E-01
P-0048270-T01-IM6	1.23E+00	1.28E+00	1.25E+00	2.96E-01
P-0048296-T01-IM6	1.33E-01	1.18E-01	1.22E-01	1.15E-01
P-0048549-T01-IM6	6.83E-01	6.00E-01	6.31E-01	2.23E-01
P-0048555-T01-IM6	2.58E-01	2.33E-01	1.31E-01	1.75E-01
P-0048585-T03-IM6	7.54E-01	7.47E-01	4.63E-01	1.37E-01
P-0048592-T01-IM6	1.81E-01	2.15E-01	2.28E-01	2.44E-01
P-0048603-T01-IM6	1.77E-01	2.51E-01	2.02E-01	2.49E-01
P-0048628-T01-IM6	4.36E-01	4.08E-01	4.53E-01	1.54E-01
P-0048726-T01-IM6	1.41E-02	2.88E-02	1.41E-02	3.38E-02
P-0048786-T01-IM6	5.95E-01	5.89E-01	5.22E-01	3.36E-01
P-0048904-T01-IM6	6.51E-01	7.00E-01	6.27E-01	3.47E-01
P-0048926-T01-IM6	1.61E-01	1.40E-01	1.05E-01	0.00E+00
P-0049007-T01-IM6	1.92E-01	2.04E-01	1.41E-01	1.81E-01
P-0049096-T01-IM6	1.51E-01	1.57E-01	1.82E-01	7.52E-02
P-0049320-T01-IM6	1.71E+00	1.91E+00	1.53E+00	4.14E-01
P-0049391-T01-IM6	4.64E-02	6.13E-02	5.79E-02	8.27E-02
P-0049457-T01-IM6	3.69E-01	3.91E-01	3.25E-01	2.39E-01
P-0049573-T01-IM6	1.51E+00	1.73E+00	1.33E+00	3.62E-01
P-0049734-T01-IM6	2.13E+00	2.17E+00	1.55E+00	5.16E-01
P-0049773-T01-IM6	3.57E-01	3.75E-01	3.41E-01	9.27E-02
P-0049891-T01-IM6	1.46E-01	1.45E-01	8.93E-02	9.50E-02
P-0049901-T01-IM6	1.44E-01	1.36E-01	1.18E-01	1.01E-01
P-0049953-T01-IM6	1.53E-01	1.81E-01	1.79E-01	1.37E-01
P-0049959-T01-IM6	4.18E-02	7.09E-02	7.49E-02	9.22E-02
P-0050076-T01-IM6	5.05E-01	5.69E-01	5.00E-01	2.39E-01
P-0050087-T01-IM6	3.94E-01	4.33E-01	2.33E-01	2.72E-01
P-0050267-T01-IM6	1.35E+00	1.63E+00	1.41E+00	1.38E-01
P-0050405-T01-IM6	6.35E-01	7.30E-01	6.46E-01	2.59E-01
P-0050421-T01-IM6	9.90E-01	1.05E+00	7.13E-01	4.14E-01
