NMF_Replicate	L1	L1 %	L2	L2 %	KL Divergence	Correlation	Convergence Iterations
1	42.232	87.907	9.56	57.697	0.819	0.772	50000.0
2	41.845	87.757	9.349	57.609	0.822	0.772	30000.0
3	41.918	87.51	9.524	57.797	0.823	0.77	30000.0
4	42.047	87.662	9.401	57.709	0.825	0.774	20000.0
5	42.07	87.652	9.527	57.791	0.828	0.771	30000.0
6	42.005	87.756	9.489	57.9	0.829	0.77	30000.0
7	41.363	86.473	9.35	57.108	0.815	0.778	70000.0
8	42.467	88.709	9.614	58.247	0.824	0.766	40000.0
9	41.684	87.439	9.37	57.553	0.83	0.771	40000.0
10	41.719	87.527	9.569	57.887	0.828	0.767	30000.0
11	42.287	89.347	9.686	58.797	0.829	0.759	30000.0
12	41.267	86.672	9.303	56.646	0.815	0.783	30000.0
13	41.174	86.96	9.308	57.097	0.814	0.776	20000.0
14	42.485	88.18	9.63	57.881	0.822	0.772	20000.0
15	41.921	87.238	9.486	57.547	0.808	0.772	50000.0
16	41.52	86.738	9.463	56.975	0.822	0.782	50000.0
17	41.821	87.853	9.531	57.878	0.827	0.768	20000.0
18	42.263	88.45	9.588	58.394	0.833	0.767	20000.0
19	41.352	86.464	9.433	57.112	0.817	0.779	20000.0
20	41.79	88.369	9.305	57.862	0.835	0.764	20000.0
21	41.735	87.729	9.5	57.661	0.824	0.772	20000.0
22	42.121	88.026	9.471	57.678	0.834	0.772	30000.0
23	41.334	86.225	9.398	56.423	0.809	0.785	60000.0
24	41.51	87.332	9.494	57.631	0.818	0.773	50000.0
25	41.484	87.0	9.383	57.135	0.822	0.778	40000.0
26	41.773	87.483	9.52	58.11	0.818	0.77	20000.0
27	42.36	88.412	9.663	59.057	0.837	0.762	20000.0
28	42.039	88.023	9.579	58.053	0.833	0.767	30000.0
29	41.585	86.535	9.432	57.282	0.822	0.776	20000.0
30	41.566	87.087	9.624	57.935	0.806	0.77	40000.0
31	41.994	87.308	9.611	57.312	0.813	0.774	30000.0
32	41.246	85.99	9.357	56.598	0.803	0.78	40000.0
33	42.006	88.239	9.524	58.154	0.826	0.769	30000.0
34	41.62	87.643	9.402	57.643	0.835	0.771	40000.0
35	42.27	88.278	9.547	58.314	0.831	0.764	50000.0
36	41.782	87.529	9.537	57.837	0.821	0.772	40000.0
37	41.849	87.119	9.541	57.32	0.815	0.779	30000.0
38	41.46	86.963	9.386	57.529	0.821	0.774	40000.0
39	41.714	87.443	9.471	57.547	0.817	0.77	20000.0
40	41.021	85.935	9.227	56.483	0.815	0.785	20000.0
41	41.858	88.179	9.434	58.062	0.824	0.767	20000.0
42	41.352	86.034	9.466	56.76	0.801	0.783	40000.0
43	42.215	88.129	9.629	58.431	0.811	0.766	20000.0
44	41.768	87.614	9.485	57.685	0.828	0.772	40000.0
45	43.018	89.422	9.599	58.819	0.829	0.759	30000.0
46	41.86	87.644	9.509	58.068	0.824	0.769	20000.0
47	41.3	86.262	9.436	57.168	0.804	0.779	20000.0
48	42.657	88.329	9.823	58.388	0.818	0.766	20000.0
49	41.285	86.606	9.417	57.348	0.818	0.774	20000.0
50	41.652	87.277	9.386	57.61	0.821	0.776	20000.0
51	41.107	86.369	9.289	57.38	0.814	0.771	40000.0
52	42.179	88.371	9.628	58.109	0.828	0.77	30000.0
53	41.31	86.681	9.273	56.766	0.816	0.779	50000.0
54	41.822	87.474	9.406	57.68	0.823	0.772	30000.0
55	42.506	88.585	9.625	58.373	0.82	0.766	20000.0
56	41.711	87.39	9.436	57.492	0.822	0.771	40000.0
57	42.647	88.885	9.748	58.526	0.823	0.763	20000.0
58	41.886	87.729	9.522	57.96	0.817	0.769	20000.0
59	41.507	86.622	9.529	57.299	0.815	0.774	20000.0
60	42.288	87.643	9.707	58.519	0.804	0.768	20000.0
61	41.537	87.024	9.463	57.785	0.819	0.774	50000.0
62	40.93	85.754	9.401	56.659	0.814	0.781	20000.0
63	41.418	86.577	9.421	57.355	0.81	0.775	30000.0
64	41.926	87.712	9.572	57.689	0.825	0.771	30000.0
65	42.099	87.057	9.646	57.87	0.813	0.773	50000.0
66	41.711	87.077	9.49	57.802	0.817	0.77	40000.0
67	41.798	87.727	9.439	57.812	0.825	0.771	20000.0
68	41.615	87.492	9.423	57.106	0.818	0.78	40000.0
69	41.739	87.218	9.474	57.605	0.812	0.775	50000.0
70	42.02	87.483	9.711	57.682	0.808	0.775	30000.0
71	41.299	86.275	9.564	57.495	0.805	0.775	50000.0
72	41.995	87.367	9.558	57.986	0.811	0.772	40000.0
73	41.206	86.669	9.325	56.816	0.814	0.779	30000.0
74	41.397	86.276	9.447	57.174	0.804	0.773	30000.0
75	42.076	87.813	9.547	58.27	0.826	0.768	20000.0
76	41.992	86.848	9.58	57.692	0.809	0.774	30000.0
77	42.257	87.273	9.645	57.756	0.818	0.773	30000.0
78	42.293	88.86	9.532	58.239	0.84	0.765	20000.0
79	41.301	86.572	9.278	56.928	0.821	0.776	30000.0
80	41.983	87.931	9.645	58.013	0.827	0.771	30000.0
81	41.486	86.305	9.477	57.035	0.804	0.779	20000.0
82	41.974	87.946	9.505	57.901	0.829	0.771	20000.0
83	42.051	87.336	9.484	57.901	0.817	0.773	40000.0
84	41.882	87.982	9.347	57.992	0.839	0.767	30000.0
85	41.655	87.297	9.494	57.357	0.83	0.774	30000.0
86	41.797	87.131	9.458	57.537	0.824	0.776	20000.0
87	42.724	88.99	9.766	58.757	0.816	0.762	50000.0
88	41.64	86.906	9.365	57.044	0.824	0.781	20000.0
89	42.693	89.105	9.692	58.706	0.832	0.764	40000.0
90	41.083	86.667	9.187	56.687	0.805	0.779	30000.0
91	40.968	86.032	9.2	56.526	0.802	0.785	20000.0
92	41.903	86.859	9.506	56.979	0.806	0.782	30000.0
93	41.335	86.523	9.284	56.828	0.816	0.779	40000.0
94	41.879	87.202	9.469	57.235	0.823	0.777	40000.0
95	42.589	88.88	9.547	58.451	0.839	0.765	40000.0
96	40.994	85.842	9.314	56.425	0.807	0.784	40000.0
97	41.185	86.658	9.266	57.097	0.807	0.78	30000.0
98	41.405	86.403	9.336	57.226	0.807	0.776	50000.0
99	42.68	88.46	9.682	58.109	0.832	0.77	20000.0
100	41.68	87.091	9.464	57.356	0.827	0.776	20000.0
