MutationType	SBS96A	SBS96B	SBS96C	SBS96D	SBS96E	SBS96F	SBS96G	SBS96H	SBS96I	SBS96J
A[C>A]A	3.23E-05	2.11E-04	2.03E-04	2.18E-04	5.66E-04	6.41E-04	4.40E-04	6.43E-04	5.52E-04	1.46E-03
A[C>A]C	3.59E-04	1.65E-04	1.09E-03	1.19E-03	3.80E-04	1.00E-03	5.32E-04	9.46E-04	1.19E-03	2.61E-03
A[C>A]G	1.11E-04	3.71E-05	2.45E-04	1.70E-04	1.13E-04	2.06E-04	1.66E-04	2.70E-04	3.13E-04	3.39E-04
A[C>A]T	2.20E-04	4.60E-04	7.13E-04	8.74E-04	4.92E-04	5.83E-04	7.63E-04	7.06E-04	9.73E-04	1.58E-03
A[C>G]A	1.30E-04	3.98E-05	2.74E-04	8.31E-05	3.54E-04	2.38E-04	2.15E-04	2.22E-04	2.81E-04	6.59E-04
A[C>G]C	2.13E-04	3.62E-04	5.62E-04	6.65E-04	6.72E-05	6.42E-04	2.13E-04	7.03E-04	8.76E-04	6.10E-04
A[C>G]G	8.73E-05	1.52E-05	1.87E-04	1.44E-05	7.45E-09	1.56E-04	7.17E-05	1.23E-04	1.58E-04	1.45E-04
A[C>G]T	1.08E-04	2.48E-04	5.12E-04	2.05E-04	4.41E-06	4.57E-04	3.88E-04	6.52E-04	8.53E-04	5.78E-04
A[C>T]A	1.30E-03	1.47E-03	5.08E-03	1.77E-03	2.38E-04	3.60E-03	4.27E-03	3.33E-03	2.50E-03	2.44E-03
A[C>T]C	1.58E-03	1.38E-03	6.91E-03	1.06E-03	2.24E-04	5.38E-03	4.57E-03	1.93E-03	3.27E-03	5.45E-03
A[C>T]G	1.50E-02	7.79E-03	2.56E-02	1.90E-03	6.14E-04	5.90E-03	4.47E-03	2.81E-03	3.35E-03	1.77E-03
A[C>T]T	6.73E-04	1.10E-03	1.48E-03	3.56E-04	2.18E-04	2.15E-03	1.78E-03	1.19E-03	1.42E-03	1.53E-03
A[T>A]A	6.91E-05	2.12E-04	1.50E-04	1.85E-04	1.14E-04	2.76E-04	2.29E-04	2.28E-04	3.33E-04	4.97E-04
A[T>A]C	2.91E-04	1.87E-04	7.88E-04	3.17E-04	6.09E-04	6.99E-04	5.76E-04	8.50E-04	1.25E-03	1.97E-03
A[T>A]G	1.18E-04	2.14E-04	2.91E-04	3.52E-04	7.27E-05	2.68E-04	1.54E-04	4.70E-04	4.02E-04	4.06E-04
A[T>A]T	2.29E-04	2.02E-04	1.03E-03	1.28E-03	9.89E-05	1.11E-03	9.98E-04	1.40E-03	1.04E-03	2.88E-03
A[T>C]A	7.39E-04	1.30E-03	1.44E-03	2.53E-03	2.23E-04	1.96E-03	1.21E-03	2.13E-03	2.44E-03	4.16E-03
A[T>C]C	1.46E-04	2.20E-04	1.96E-03	2.70E-03	2.84E-04	5.05E-03	1.70E-03	3.61E-03	4.70E-03	4.39E-03
A[T>C]G	1.42E-03	2.51E-03	4.95E-03	4.54E-03	6.74E-05	2.24E-03	6.12E-03	7.76E-03	6.33E-03	3.01E-03
A[T>C]T	1.98E-04	7.57E-04	9.40E-04	1.44E-03	1.66E-04	1.35E-03	7.06E-04	1.03E-03	1.50E-03	1.62E-03
A[T>G]A	2.19E-07	3.38E-05	5.41E-05	1.08E-04	1.30E-04	8.13E-05	2.23E-05	4.26E-05	6.53E-05	1.49E-04
A[T>G]C	5.04E-05	1.74E-04	2.63E-04	1.30E-04	2.16E-04	2.67E-04	2.79E-04	2.25E-04	4.16E-04	5.28E-04
A[T>G]G	1.48E-04	1.06E-04	4.51E-04	2.24E-04	1.63E-04	3.14E-04	1.94E-04	1.91E-04	4.62E-04	5.52E-04
A[T>G]T	1.50E-04	8.59E-05	3.08E-04	6.37E-04	8.33E-04	2.05E-04	2.93E-04	2.77E-04	3.84E-04	7.93E-04
C[C>A]A	1.96E-04	9.18E-04	1.39E-03	1.14E-03	9.57E-05	2.60E-03	2.85E-03	2.03E-03	1.20E-03	3.66E-03
C[C>A]C	2.26E-03	2.92E-03	5.85E-03	4.12E-03	3.05E-04	5.98E-03	4.14E-03	4.57E-03	3.26E-03	5.16E-03
C[C>A]G	2.02E-04	8.75E-04	1.90E-03	1.89E-04	3.29E-08	1.39E-03	2.54E-03	3.30E-03	2.57E-03	2.31E-03
C[C>A]T	2.29E-03	2.86E-03	4.84E-03	1.53E-03	6.12E-04	3.89E-03	1.52E-02	4.11E-03	1.71E-03	3.69E-03
C[C>G]A	4.62E-05	5.00E-05	1.02E-04	9.35E-05	1.14E-08	1.23E-04	2.91E-05	1.49E-04	1.96E-04	1.59E-04
C[C>G]C	1.59E-05	1.83E-05	6.64E-05	2.53E-05	1.39E-08	9.20E-05	5.92E-05	1.05E-04	5.64E-05	1.47E-04
C[C>G]G	1.29E-04	6.81E-05	1.39E-04	1.43E-04	7.02E-09	1.89E-04	1.54E-04	2.70E-04	2.73E-04	1.85E-04
C[C>G]T	5.57E-05	5.39E-05	1.86E-04	1.30E-04	1.46E-04	1.47E-04	1.72E-04	2.06E-04	1.37E-04	3.48E-04
C[C>T]A	6.89E-04	9.88E-04	2.42E-03	3.66E-04	7.18E-05	3.02E-03	1.83E-03	2.82E-03	2.69E-03	4.09E-03
C[C>T]C	8.16E-04	1.69E-03	1.65E-03	2.19E-03	1.45E-04	3.05E-03	4.05E-03	2.09E-03	1.57E-03	3.26E-03
C[C>T]G	1.61E-02	1.38E-03	7.21E-03	4.20E-03	9.87E-05	7.32E-03	5.13E-03	1.23E-02	5.83E-03	3.43E-03
C[C>T]T	6.78E-04	1.23E-03	1.53E-03	1.70E-04	1.76E-04	2.94E-03	2.19E-03	1.87E-03	1.00E-03	2.68E-03
C[T>A]A	4.50E-05	5.59E-05	1.73E-04	7.42E-05	1.89E-05	1.79E-04	1.17E-04	8.80E-05	1.62E-04	2.19E-04
C[T>A]C	7.36E-05	5.03E-04	1.01E-03	6.60E-05	1.12E-04	8.11E-04	8.94E-04	8.38E-04	8.24E-04	1.44E-03
C[T>A]G	1.28E-04	2.19E-04	4.77E-04	5.91E-04	4.31E-05	7.33E-04	2.10E-04	8.97E-04	1.14E-03	7.53E-04
C[T>A]T	7.09E-05	1.91E-04	5.23E-04	8.34E-05	5.50E-04	4.42E-04	2.78E-04	3.36E-04	7.81E-04	1.31E-03
C[T>C]A	3.31E-04	4.78E-04	1.92E-03	8.08E-04	3.58E-04	1.98E-03	1.22E-03	2.52E-03	2.52E-03	2.70E-03
C[T>C]C	1.96E-04	6.17E-04	2.65E-03	1.28E-03	9.06E-05	3.92E-03	1.79E-03	2.56E-03	4.09E-03	3.12E-03
C[T>C]G	8.22E-04	2.19E-04	1.75E-03	4.42E-04	1.09E-05	3.13E-03	5.22E-03	1.06E-02	5.73E-03	1.95E-03
C[T>C]T	7.37E-05	1.30E-04	1.38E-03	7.07E-04	3.10E-04	1.99E-03	1.54E-03	2.33E-03	2.08E-03	3.35E-03
C[T>G]A	3.25E-05	8.37E-06	3.12E-05	7.46E-05	1.42E-04	7.09E-05	1.01E-04	1.06E-04	1.11E-04	1.12E-04
C[T>G]C	4.54E-04	2.03E-04	7.97E-04	6.03E-04	1.65E-04	1.56E-03	1.58E-03	1.74E-03	1.92E-03	1.70E-03
C[T>G]G	2.79E-04	7.05E-04	1.49E-03	2.03E-03	2.67E-04	8.49E-04	1.95E-03	1.59E-03	1.86E-03	2.60E-03
C[T>G]T	7.69E-04	8.31E-04	9.13E-04	1.58E-03	6.73E-04	1.61E-03	1.36E-03	1.69E-03	2.11E-03	2.84E-03
G[C>A]A	1.13E-04	3.10E-04	1.76E-04	5.27E-04	2.09E-04	8.31E-04	6.30E-04	7.15E-04	6.78E-04	1.61E-03
G[C>A]C	8.31E-05	4.31E-04	1.25E-03	1.50E-03	1.81E-03	1.22E-03	1.83E-03	6.46E-04	1.89E-03	5.27E-03
G[C>A]G	1.95E-04	1.38E-04	5.44E-04	3.75E-04	1.08E-08	8.48E-04	3.11E-04	7.46E-04	1.09E-03	1.39E-03
G[C>A]T	3.68E-04	2.16E-03	2.49E-03	1.22E-03	4.85E-04	3.55E-03	4.39E-03	1.32E-03	1.42E-03	7.84E-03
G[C>G]A	4.86E-05	8.71E-05	1.75E-04	2.40E-04	7.29E-05	2.09E-04	2.20E-04	1.82E-04	1.99E-04	3.48E-04
G[C>G]C	5.39E-04	8.79E-05	9.14E-04	3.23E-04	1.23E-04	1.48E-03	7.85E-04	1.43E-03	1.56E-03	2.58E-03
G[C>G]G	8.00E-05	1.08E-04	1.51E-04	1.13E-04	1.49E-04	1.74E-04	1.82E-04	2.40E-04	2.42E-04	3.05E-04
G[C>G]T	4.09E-04	9.05E-06	5.66E-04	8.84E-05	6.85E-09	6.68E-04	3.99E-04	6.00E-04	3.58E-04	4.91E-04
G[C>T]A	2.58E-03	1.96E-03	9.57E-03	1.72E-03	2.80E-05	1.11E-02	4.80E-03	8.45E-03	2.31E-03	8.82E-03
G[C>T]C	1.53E-03	1.01E-02	6.32E-03	3.37E-03	8.72E-04	1.88E-02	6.50E-03	5.75E-03	3.89E-03	3.28E-03
G[C>T]G	1.58E-02	1.75E-02	1.23E-02	3.90E-03	8.06E-04	1.15E-02	5.19E-03	4.75E-03	6.04E-03	2.65E-03
G[C>T]T	3.80E-08	5.54E-03	4.93E-03	3.95E-03	6.77E-04	6.67E-03	2.82E-03	1.70E-03	4.94E-03	8.53E-03
G[T>A]A	5.00E-05	3.48E-05	1.30E-04	6.93E-05	3.87E-05	1.48E-04	1.96E-04	1.29E-04	2.15E-04	3.79E-04
G[T>A]C	2.37E-04	4.03E-04	8.05E-04	5.92E-04	6.59E-05	6.74E-04	5.01E-04	6.80E-04	9.76E-04	1.37E-03
G[T>A]G	5.84E-04	1.32E-03	1.28E-03	3.11E-04	2.41E-09	2.44E-03	1.41E-03	3.10E-03	2.90E-03	4.82E-03
G[T>A]T	9.08E-05	2.97E-04	3.20E-04	1.60E-04	2.91E-05	6.77E-04	5.62E-04	5.76E-04	5.53E-04	1.05E-03
G[T>C]A	4.08E-05	2.38E-03	4.73E-03	1.42E-03	4.04E-04	3.01E-03	2.90E-03	6.35E-03	1.09E-02	1.92E-03
G[T>C]C	2.99E-08	2.12E-03	3.40E-03	5.11E-03	6.50E-04	3.62E-03	2.15E-03	2.11E-03	4.73E-03	5.48E-03
G[T>C]G	9.50E-04	1.09E-03	4.41E-03	7.34E-04	2.41E-04	2.18E-03	4.32E-03	6.63E-03	9.60E-03	3.53E-03
G[T>C]T	1.98E-04	3.29E-04	2.29E-03	7.86E-04	3.56E-04	1.65E-03	1.30E-03	1.81E-03	3.27E-03	2.35E-03
G[T>G]A	3.27E-05	7.95E-05	3.56E-05	9.79E-05	1.36E-04	4.94E-05	1.10E-05	2.89E-05	5.54E-05	2.24E-04
G[T>G]C	6.50E-05	1.44E-04	3.61E-04	4.27E-04	2.25E-04	3.20E-04	2.28E-04	3.52E-04	5.74E-04	3.23E-04
G[T>G]G	6.28E-08	3.40E-04	3.16E-04	2.35E-04	1.24E-04	5.60E-04	5.32E-04	8.41E-04	8.48E-04	7.94E-04
G[T>G]T	6.40E-05	2.76E-04	8.76E-04	9.26E-04	3.88E-04	6.72E-04	6.84E-04	7.55E-04	1.09E-03	1.04E-03
T[C>A]A	1.56E-07	8.05E-05	3.28E-07	1.15E-03	1.74E-03	3.25E-07	4.83E-05	1.59E-04	1.02E-06	2.80E-03
T[C>A]C	4.07E-04	6.54E-04	1.33E-03	1.03E-03	3.77E-04	1.14E-03	1.41E-03	6.92E-04	8.74E-04	2.16E-03
T[C>A]G	4.78E-05	2.20E-04	4.05E-04	5.30E-04	1.90E-04	1.81E-04	2.64E-04	2.46E-04	4.73E-04	1.20E-03
T[C>A]T	5.36E-08	1.34E-07	1.58E-07	3.12E-03	8.69E-03	1.88E-07	2.14E-07	1.38E-07	1.46E-07	1.58E-05
T[C>G]A	5.36E-05	9.65E-05	1.16E-04	9.22E-05	5.31E-05	2.21E-04	1.29E-04	1.76E-04	1.90E-04	1.57E-04
T[C>G]C	4.78E-05	9.26E-05	1.37E-04	9.36E-05	5.37E-05	1.20E-04	1.04E-04	1.84E-04	1.37E-04	1.54E-04
T[C>G]G	4.25E-06	2.50E-05	6.94E-05	5.61E-05	1.29E-08	1.03E-04	1.11E-04	9.29E-05	1.06E-04	8.54E-05
T[C>G]T	1.60E-04	6.77E-05	5.17E-04	2.20E-05	4.90E-04	3.06E-04	1.85E-04	4.11E-04	5.20E-04	1.03E-03
T[C>T]A	1.09E-04	1.60E-03	1.92E-03	1.58E-03	3.34E-04	2.28E-03	1.80E-03	8.14E-04	9.07E-04	3.00E-03
T[C>T]C	2.14E-04	2.13E-03	4.18E-03	3.23E-03	1.10E-03	3.79E-03	1.54E-03	2.60E-04	2.46E-03	2.31E-03
T[C>T]G	7.42E-03	4.69E-04	1.77E-03	2.87E-02	1.20E-02	4.71E-04	1.93E-03	6.84E-04	7.25E-04	8.09E-04
T[C>T]T	1.65E-04	1.23E-03	1.05E-03	1.88E-03	1.30E-03	2.08E-03	1.06E-03	7.62E-04	1.81E-03	2.87E-03
T[T>A]A	1.44E-04	8.99E-06	1.32E-04	1.31E-04	2.16E-04	3.28E-04	1.45E-04	4.35E-04	3.45E-04	7.39E-04
T[T>A]C	6.79E-05	2.46E-04	2.49E-04	6.37E-05	7.05E-05	2.79E-04	2.04E-04	2.94E-04	4.10E-04	5.14E-04
T[T>A]G	3.87E-05	5.47E-05	1.22E-04	3.78E-05	7.72E-05	1.38E-04	1.25E-04	1.46E-04	2.04E-04	3.66E-04
T[T>A]T	2.52E-05	1.50E-04	3.13E-04	3.61E-04	1.53E-04	2.63E-04	3.54E-04	1.40E-04	2.51E-04	5.45E-04
T[T>C]A	3.81E-05	6.13E-04	1.88E-03	9.20E-04	2.10E-05	1.91E-03	1.51E-03	1.63E-03	2.30E-03	1.05E-03
T[T>C]C	1.86E-08	9.72E-04	1.78E-03	8.16E-04	2.66E-04	1.61E-03	2.19E-03	1.60E-03	2.65E-03	2.04E-03
T[T>C]G	1.86E-04	4.05E-04	2.63E-03	1.16E-03	1.98E-04	2.03E-03	2.73E-03	1.85E-03	4.38E-03	3.45E-03
T[T>C]T	3.66E-04	3.05E-04	1.80E-03	9.08E-04	3.36E-04	1.35E-03	9.35E-04	1.35E-03	1.95E-03	2.23E-03
T[T>G]A	9.74E-08	3.43E-07	1.01E-05	6.25E-05	2.69E-04	5.27E-05	5.51E-06	5.07E-05	5.33E-05	4.61E-05
T[T>G]C	9.35E-05	8.94E-05	2.80E-04	3.96E-04	3.33E-04	2.82E-04	9.49E-05	3.65E-04	5.34E-04	7.26E-04
T[T>G]G	6.83E-05	1.51E-04	2.04E-04	2.12E-04	4.45E-05	1.78E-04	1.65E-04	2.42E-04	4.00E-04	2.78E-04
T[T>G]T	2.17E-07	5.40E-06	1.27E-07	7.34E-04	2.11E-03	1.06E-05	1.24E-05	1.64E-07	2.10E-07	2.81E-05
