MutationType	SBS96A	SBS96B	SBS96C	SBS96D	SBS96E	SBS96F	SBS96G	SBS96H	SBS96I	SBS96J
A[C>A]A	4.4557313869893496e-05	0.00023321733387604126	0.0004943275520795965	0.0005878133189243684	0.0032897060267195856	0.0017652821741000223	0.0012712165849613655	0.003616779872395881	0.0024569190675350684	0.012085127464433328
A[C>A]C	0.0011712880049446995	0.00029638446199072634	0.0028897238478998587	0.004446951908542687	0.00588906901300021	0.0029696760445074234	0.0022429119408323215	0.004073816562966499	0.003862637935477551	0.02059209798506572
A[C>A]G	0.00018380921919501582	6.503067319989952e-05	0.001042451799173758	0.0006709856354977184	0.0010633042119701486	0.000756018638636462	0.000532374320341944	0.001216316517966618	0.0018062890757897065	0.0017699054623042088
A[C>A]T	0.00032864430449734526	0.0017924853949497076	0.0016390068841122484	0.005521159391600512	0.00850465783449181	0.0021851423218024026	0.003140476880704597	0.0027564153912463495	0.004161084024590931	0.008511021101076528
A[C>G]A	0.0005546238613623533	6.091682874664883e-05	0.000970393574776196	0.0001972534353840416	0.00039646233962345787	0.000980640124897636	0.0006602952604062295	0.0011310727864630365	0.0015911863952353044	0.004419309276646146
A[C>G]C	0.0006914506680436716	0.001158100369061401	0.002182735304385126	0.0027972366451815846	0.000291098322044121	0.002815548949256197	0.00048613006904119516	0.0030936870837612674	0.005275062471925622	0.0017454824421581706
A[C>G]G	0.0006698936519097032	2.136557449467169e-05	0.0007396028967483659	1.806355085403055e-05	3.938181505791505e-08	0.00047373883794307406	0.00019081760343020449	0.0005217178513625242	0.0006124650503122098	0.0004740700627465344
A[C>G]T	0.00029573793351165276	0.000616907572239711	0.0019864581399134805	0.0002467083012380833	4.845716188550675e-06	0.0019750195552833815	0.001464863691356939	0.00415242105820397	0.005098748496262146	0.002219245328441506
A[C>T]A	0.007436663969110668	0.004969471955172101	0.035984161917607296	0.001880982142747598	0.00023753678426146507	0.017502672857805806	0.030845966240908355	0.01409455900014052	0.010266984413100318	0.012291462558479224
A[C>T]C	0.0041168266739049384	0.005409439205736463	0.059493508757502554	0.0030135446485877538	0.0015331489096857354	0.029952840240089162	0.02799663864406682	0.005789185794692742	0.011673767596991524	0.018000868457013156
A[C>T]G	0.23100207425091596	0.05013543439170121	0.33935776133090256	0.012933342749026905	0.003704051589237839	0.03164860339083633	0.0193634118696977	0.0066445615054635705	0.012891211131446844	0.003352960262348006
A[C>T]T	0.0015969059056650536	0.010938405865149435	0.006480448629309165	0.001251379570970954	0.0023743365837091803	0.012169018727927038	0.008951501576588588	0.0044226904791770496	0.005077599059430966	0.005647084825991442
A[T>A]A	0.0003325455347712314	0.00040864486979494077	0.0005414753883580303	0.0008729297699660155	0.00022451764240351225	0.001149629615219041	0.0009840937410900174	0.0009303264079117035	0.00138378675267953	0.002701478319344659
A[T>A]C	0.00029225253172153963	0.00024191110703398523	0.0026662357909785685	0.00054406846318237	0.000618026678967607	0.00212208281264501	0.0017126760411129282	0.004057860065839307	0.008447155067248673	0.01565788563365601
A[T>A]G	0.0004979741602762999	0.0009076276860363919	0.0013664191776303625	0.0007309971496632883	0.0007049912450720797	0.0009344678049764355	0.0003814150397396077	0.002946776572932972	0.0018110750391275587	0.0015353612282235929
A[T>A]T	0.00044969510315787884	0.000575468591592597	0.002962002926169571	0.003551053837366567	0.0006107899160994279	0.005177754584810263	0.0044203079849600615	0.007091715021232969	0.004633038118823407	0.02429834425177532
A[T>C]A	0.0021811957959202745	0.0036986676830935037	0.004652767099114783	0.007895073294739631	0.001931310767118717	0.0075568409708989745	0.0044574605248516265	0.013421373723148094	0.01312167763462469	0.02643922243403722
A[T>C]C	0.0002879131512851529	0.00044010957802072427	0.004649405372798157	0.007897828124404213	0.0019741012414396762	0.027196899324361395	0.0055259490942222555	0.023638238926843656	0.030209294792273907	0.016088666147891787
A[T>C]G	0.003230232340204253	0.0065719054776877785	0.018959091285281317	0.007982867945081615	0.00022151166199833484	0.007911376035154375	0.04276362278289355	0.07581520553367568	0.04125170880980846	0.006576619239840511
A[T>C]T	0.0007494984006162042	0.002580114777649385	0.004573175711798996	0.0028171703232062837	0.0021795198444806373	0.006820903253112079	0.001932431774554857	0.004001860314745045	0.00837583403159396	0.007843171852918829
A[T>G]A	7.831857131801456e-07	8.125233378567742e-05	8.950975751290002e-05	0.00040564422563036827	0.0028797815862344578	0.0002728253432022143	2.2683313454709975e-05	0.00012322558478814472	0.00022471991879797316	0.000592507985722861
A[T>G]C	5.0867649898584946e-05	0.0006664808906917927	0.0007769607833045544	0.00021398856849991432	0.0022741158642433845	0.0007856247986605957	0.0010534682438583332	0.0009897090757380945	0.0026469265819436317	0.0020005831454892233
A[T>G]G	0.0004661009586196485	0.00023685450422941123	0.0017023985252080287	0.0009594135899223488	0.0021857723794541785	0.001137148553785181	0.0007164451355091472	0.0005894050382826066	0.0031794696178146166	0.002053191916749313
A[T>G]T	0.0004869845430433628	0.00012278731427937118	0.0009530531634018757	0.0031213446459980787	0.027947909311587863	0.0006166922967395294	0.0005519526360103555	0.0009721577047405106	0.0009678601324092994	0.0029991314892142107
C[C>A]A	0.00040773862835007167	0.0021852026148593494	0.005533533029116313	0.0021878828976331023	0.00039228920421862767	0.012265137649275176	0.0229721933240171	0.010595427276559235	0.0034429714059956494	0.033756876252048186
C[C>A]C	0.005927948144925494	0.006174307638491965	0.032757527545739296	0.005152270399483605	0.0004627992745611209	0.037281847497886815	0.020869821004910704	0.019432759031629415	0.012203799603282137	0.02742300436733217
C[C>A]G	0.00038596829855443106	0.0015288261703150852	0.007227920371295795	0.00025267696977024026	6.88683716809635e-08	0.004673860688240694	0.020738288598646477	0.025859694458175566	0.012848107641649448	0.008657268908666822
C[C>A]T	0.004352854782659309	0.008773788139872635	0.02423241704657613	0.009275602227415903	0.004928439312942459	0.01464271556096861	0.36503977846354246	0.015992924964953515	0.0036796349496233914	0.014519287371789176
C[C>G]A	0.0001163649200331962	0.00015824742287470883	0.0004441724067176267	0.0001664041242944647	6.860021249721626e-08	0.00033717568871985295	2.9869861458990956e-05	0.000818603435170644	0.0008478130469734068	0.0004492980078251918
C[C>G]C	3.720782980508375e-05	3.450631925366654e-05	0.0001954273843291121	2.5550011100072824e-05	9.865193202784894e-08	0.00036896604062779836	0.00022657442818781347	0.0006387910484092529	0.00014888878660812566	0.0004250008437633923
C[C>G]G	0.0005264075682831759	0.00014595724975682956	0.00047566113973367407	0.00028939244376985585	3.1882098436852854e-08	0.0009129862938415379	0.0003005661712166585	0.0015746629324918616	0.00136016836171434	0.0005277522453599962
C[C>G]T	0.0001907863110620056	0.00014342004167225753	0.0006746571395273903	0.00023479667962206463	0.0025917046508402565	0.00037520267758293533	0.0009527743011345535	0.0007747288451339785	0.0004425329214791418	0.0010249580928185509
C[C>T]A	0.0010085456213963083	0.0018487960469329324	0.013013459801893959	0.0008383686251879752	0.0003223897568290601	0.015233793499188977	0.008704289610774367	0.010278443759171979	0.010059955644787521	0.02724597717326162
C[C>T]C	0.0019799372789927362	0.0075589166466483	0.007093031489149553	0.005097346590259519	0.0008440626514960314	0.017741048809450603	0.03563044460661871	0.007258697942316701	0.0069030254408052995	0.016365838251309696
C[C>T]G	0.4350896933674812	0.0024850505828123916	0.023763172907457965	0.008889800151857835	0.00015452596342441894	0.030461720897194403	0.022467989953154303	0.09488312716375248	0.016426454232340647	0.013205517786943972
C[C>T]T	0.0016339508976794548	0.00892471513977256	0.007258446205407836	0.00032345704402061417	0.0017638989934272331	0.023158218213993678	0.012284403773557709	0.008394209478135935	0.0017877548015553656	0.00790379434738469
C[T>A]A	0.00014904451255808303	0.0001492396511403271	0.0009405800585703971	0.00038802160210622106	7.613428135244682e-05	0.0008784145752777173	0.0003802105541467427	0.00019885905042421826	0.0005371489360717873	0.000557469637470831
C[T>A]C	0.00023142693606708064	0.0010900953849562356	0.004971011610640801	0.00025752515567419346	0.0005881883409379896	0.004025722612548877	0.005136484271451032	0.00226074074106144	0.0030389486302442492	0.00872547879408346
C[T>A]G	0.0003999430920031699	0.00096677541513174	0.0014536099744610453	0.0015332636424062684	0.00021837459573269768	0.0029898422750505916	0.0005829194172433461	0.006989283643527244	0.010400696293853571	0.003850059796242533
C[T>A]T	0.00017068758574609433	0.0006344788715568939	0.0020315535084208134	0.00013772878412634526	0.0005778228540908081	0.001799574358963838	0.0006860470042036937	0.0013050153302950208	0.003939371394775008	0.012986124220551431
C[T>C]A	0.0006762314891017956	0.0011349551344184761	0.007299346165126792	0.0015933622769132682	0.0005171578332861948	0.008355666073080102	0.004529667857718067	0.01770343591959346	0.014685769351764862	0.013785244994763276
C[T>C]C	0.0006865529817986271	0.0019226606221837627	0.013521351813779371	0.002890295900568347	0.0004437020858387086	0.022898042872877795	0.006298120301951116	0.013030290141031173	0.028014055020965652	0.01234012541926802
C[T>C]G	0.00170501893263594	0.00026628678932610477	0.004408236588103566	0.0005822161975929419	1.1057978447143734e-05	0.008666470678305843	0.019247616047086923	0.2133220555112689	0.03526830515594938	0.005151502431860422
C[T>C]T	0.00011810781717201735	0.0002147188399243305	0.0058607831005090105	0.0010936199157970243	0.0010244963204065628	0.009761613915408035	0.008122075439514447	0.012576404997660688	0.014051296322407154	0.022134570976563735
C[T>G]A	7.821577339775176e-05	1.2160400524336979e-05	7.441730985947914e-05	0.00014677213673493838	0.0031247813868685624	0.0002103640636043913	0.0003417449689015939	0.00043682635561779646	0.0005374777466215264	0.00035670291013364166
C[T>G]C	0.001330146677689754	0.0004910602112326501	0.0014329911635535808	0.0010626449066023723	0.00045995979210719187	0.006894399797981379	0.006279127174632748	0.011707162079484306	0.012301586612852588	0.006545716562207105
C[T>G]G	0.0010387878872488443	0.0014670513993655732	0.006131543983976116	0.006353466362696594	0.002951732572478818	0.0021800361781134825	0.013052057743997807	0.00908498540575863	0.010658204441360794	0.011310899334437323
C[T>G]T	0.0022400163218937053	0.003631132910547805	0.00239768387155209	0.008264637739098362	0.01743087963666767	0.007831547934649734	0.007291899700134081	0.010543161178184164	0.006833112719110374	0.014876837499060117
G[C>A]A	0.00021518983652264013	0.0005064004112375641	0.0003815569047614531	0.0013591518025847904	0.002336387097416548	0.003535099444633971	0.002259361608405399	0.0035712854117277005	0.00271943415021358	0.016462419262987
G[C>A]C	0.00016196091743339024	0.0014650486675408592	0.0030210827175755385	0.002647005240671092	0.004785998542506604	0.004891046427992032	0.006739481900767146	0.0009478633767073318	0.004250506693027916	0.07156482635983821
G[C>A]G	0.0005030985129943777	0.0002670039134694946	0.0018104927631338796	0.0008069772023584659	3.119714621746539e-08	0.003380825105559353	0.000819220582950777	0.003867466554011969	0.005945778810574325	0.00996084806576647
G[C>A]T	0.000531236391885841	0.013820239423352518	0.007024312709298499	0.0025374085160586902	0.007380817775284356	0.01568079297912533	0.020928403344599503	0.0016106062141551547	0.00365976640039662	0.0714736616663356
G[C>G]A	7.33124032490906e-05	0.000157493619725404	0.0006463635485958319	0.000725704252674202	0.00011712999029049209	0.0008137653568940105	0.0009011373594166994	0.0009074348477519656	0.0006636550287554144	0.0021998786989870923
G[C>G]C	0.0013674675245792757	8.805597930492515e-05	0.003038292523812629	0.0006916581829182178	0.0011766491257635182	0.007331643464501348	0.0032259017887610497	0.007689890407802319	0.008881904332304487	0.01793035320017651
G[C>G]G	0.00047161736263518606	0.00046579968682848973	0.0006523363857252918	0.00019288387021992648	0.00014925370627694612	0.0006231911327209704	0.00036434063043259355	0.0013184641820764397	0.0008321673264594764	0.0009969250872473112
G[C>G]T	0.0021409892449348435	9.346564675338787e-06	0.003004428774196768	8.901548346351262e-05	2.7398806681233623e-08	0.003266047211878913	0.00152054060609796	0.0034008528595831033	0.001001065753904271	0.0016020458252850212
G[C>T]A	0.015107051711981399	0.008736361106653873	0.050216556608279464	0.0029531043756223594	4.559810121946839e-05	0.09337673445111477	0.025013312521822116	0.040644036306561875	0.008473940820182123	0.03996420270358181
G[C>T]C	0.0043291348224713385	0.12245588462681951	0.03781071669651055	0.012543669882352332	0.010788126097110719	0.21834583065524613	0.038248217986870434	0.030362401923936203	0.014993572781998523	0.015000339182701055
G[C>T]G	0.21365868587282194	0.5687404383718967	0.06894204746463174	0.043183083343565326	0.002684420783301651	0.05657767383585849	0.020549481244576246	0.018052320541084157	0.021041036780286505	0.0042422331254499904
G[C>T]T	7.212836166559101e-08	0.05199972580867959	0.01848784038717028	0.012771579339747631	0.009069281289296634	0.042932970098232486	0.011006866751051874	0.005953752486365431	0.027849570878632903	0.03546093640637651
G[T>A]A	0.000192845675483575	5.852924809431337e-05	0.00042121025071129026	0.00015272624154922198	9.19862818199113e-05	0.0005274805523754456	0.0008078985895630098	0.0005244797757586639	0.0008334978160385375	0.0030861182601693215
G[T>A]C	0.0007381619144522312	0.001495503875390085	0.0027179052073094566	0.0013565500006406238	0.0004058015739114751	0.003639823412498373	0.0015270497289895956	0.003240580477624633	0.005411970395639827	0.007852672327335108
G[T>A]G	0.001106456895971668	0.0028600738302368713	0.002735199971419604	0.0005608880880660649	5.269315650480166e-09	0.007399077703360417	0.005761729539455871	0.022041108242676445	0.01667025336825873	0.03627253700231336
G[T>A]T	0.0002223800827325917	0.0008645338984649698	0.0006627597368893845	0.0007279500939252248	9.095318954162935e-05	0.00325910900464228	0.0032279623495985277	0.002702806285513688	0.002564395440366383	0.005509494519474067
G[T>C]A	4.0971385788282076e-05	0.006666025750670883	0.016776387541238478	0.004826622886538506	0.00502524674390429	0.010691127773100675	0.009036350219571805	0.04321199310229588	0.16757013502729706	0.0053520027146510074
G[T>C]C	4.408799838984123e-08	0.016888802557418786	0.00922394718874898	0.029382382742574008	0.005165846073347496	0.015490615375202878	0.005233925663981577	0.011248883067358974	0.040188840046012614	0.018479517477283026
G[T>C]G	0.0030509759481057584	0.0035767702446436915	0.012489426379867724	0.0012019366306638803	0.001667776442886364	0.008473638937900888	0.015104246166887308	0.04273264560474871	0.11234713923675997	0.017893144776265187
G[T>C]T	0.0004332030146530186	0.0011728116951895645	0.010838732253113222	0.003255578541877924	0.0064764112182271565	0.007667102459006401	0.004243740800276612	0.009246148498374396	0.03526485635844381	0.010776251787059437
G[T>G]A	0.00014628583991183497	0.00024540208455251287	6.405930155654715e-05	0.0002457790407731508	0.0021548343547550175	9.582023013422258e-05	1.1977390130333276e-05	2.997987458627449e-05	0.00010080246523875403	0.0008356572661583783
G[T>G]C	0.0002510647189105342	0.00037235795779487545	0.0018908570466874258	0.0023247041721306517	0.004125812387501355	0.0010877554201713614	0.0007725015922139277	0.0013210332699591732	0.003431162112486561	0.0007068806879050271
G[T>G]G	2.1944828329623078e-07	0.0006409700740149304	0.0009973244052902785	0.0008586449682246667	0.0015967669686622798	0.0019846976523943028	0.0019525157654018699	0.006075585063067362	0.005726648403383194	0.0030241203368819923
G[T>G]T	0.00010385410189144295	0.0007998513889854664	0.0017305034533293905	0.009183816321565246	0.0033036670704115066	0.0029416701953574485	0.0036454786507208324	0.004603910334450436	0.004667572770522384	0.003253155592369836
T[C>A]A	1.843509746493055e-06	8.120023684462297e-05	2.921284708105285e-06	0.0014507659639584603	0.08478913657367229	1.2639373499823136e-06	5.2926897142890895e-05	0.00016315656494265697	4.547153163432776e-06	0.010802030437316751
T[C>A]C	0.0013166707470977656	0.0019303954377323863	0.003047839407488375	0.0035225892383712676	0.005710152400308672	0.00441398098599052	0.009982245073299145	0.0029072307351309234	0.001950211661840555	0.012979266735402959
T[C>A]G	9.095140563015746e-05	0.00034002425993790553	0.0012883366901494497	0.001165866097983752	0.0032614405124900257	0.0004958320358569068	0.0005880317528279555	0.0008110601999248424	0.0018833496737892075	0.012864926449119097
T[C>A]T	2.204106904649171e-07	1.0457032154775277e-06	1.3300377502234468e-06	0.003190494592300297	0.4912569760531187	1.8619122482804571e-06	2.4746451130397416e-06	1.022175157673568e-06	1.0317176310538521e-06	2.148345297722898e-05
T[C>G]A	6.222977883362901e-05	0.00038706007055182566	0.0003200559218901411	0.0002060950047755039	7.188238493247568e-05	0.001270965025025248	0.0005735204414742157	0.0006197911565770653	0.0006878858041506497	0.0005706095801418698
T[C>G]C	0.00024302723719259233	0.00035778492063175626	0.0006687341873626451	0.00012114563255991584	0.00041364266805011597	0.00031540427277462865	0.0003659120924181458	0.0008314290189523632	0.0004414277006775258	0.0005204470753174206
T[C>G]G	5.631139022987952e-06	4.596419154069054e-05	0.00022629525886065595	0.00010255473574755314	1.0339330267061797e-07	0.0005179994163409595	0.000297778165964564	0.00045393267083966294	0.0004205971266949859	0.000280429302928944
T[C>G]T	0.0007746445176647754	0.00014071645446200876	0.0025220542913282885	6.139361010866651e-05	0.0007632495027239373	0.0009884099053083161	0.0005324618223666277	0.0013499238522136192	0.002374244318615961	0.0077684494942518965
T[C>T]A	0.00022359695985009863	0.008434717803762908	0.008071237804325478	0.005787604513164979	0.003770062867730263	0.012839572997972368	0.008963226313940443	0.002094972077678108	0.001920944355305636	0.014045234093436037
T[C>T]C	0.0005309141819937225	0.02268239207331362	0.011216508330322625	0.03169790267085303	0.011413976214731178	0.017283098933697262	0.002164592652200099	0.000530260434666161	0.00637065624363848	0.004027865390632251
T[C>T]G	0.0319626938512971	0.0005870056345742079	0.002760763130235823	0.6629963351305923	0.05648803647038353	0.0006569088088490104	0.0039792582004599805	0.0011920282481852492	0.0008899564084063627	0.0008098740122085246
T[C>T]T	0.00029020095308567305	0.006037039417615517	0.0025264125843602867	0.011773283408569882	0.03275588715623599	0.009875969043490897	0.002623299647531212	0.0015793643424015257	0.006894636622728854	0.015334482868802582
T[T>A]A	0.0004213310805459969	9.39774418441175e-06	0.0002766682199783332	0.00021105790513589184	0.00021608993848200696	0.0012352426738395294	0.0003327689383445431	0.0030764257418566744	0.0013186525778058123	0.00450773970361908
T[T>A]C	6.824471439514035e-05	0.0005690135032694243	0.0008343169488563973	0.0001516603026677643	0.00039643136745286966	0.001311414350331148	0.0005810117751254551	0.0013558295196338754	0.003081178572310392	0.002884143867286042
T[T>A]G	5.312488055623898e-05	0.00015223471609893124	0.0002879503484813029	8.306723409162942e-05	0.0006830837579428817	0.0004467375743741542	0.0005594677978035278	0.0006842755673646117	0.0008764088813308035	0.002218143060024076
T[T>A]T	2.6024788976286573e-05	0.0005255545666245354	0.0015170183640066171	0.0017666141674678214	0.0014650483390623247	0.001145001550020588	0.0018037542473830115	0.00025437628604596085	0.0006242722901146892	0.002712906255017054
T[T>C]A	8.321760817167959e-05	0.0024289417743849394	0.010323726214551243	0.0024501691267317938	5.3173370801289366e-05	0.010183926774890963	0.006326194171212052	0.009864602773914441	0.013264420560411168	0.0025348797008259184
T[T>C]C	2.5167450976873474e-08	0.0046501731356012495	0.007831515220002245	0.0018231874043357266	0.003112013873712982	0.00811942817915252	0.014599543386956036	0.007031871566614285	0.017360090358835123	0.007213686307004323
T[T>C]G	0.0003964612680104196	0.0008756268804040701	0.011525375560922839	0.002956297846238698	0.0009954592462992906	0.0069615287648144885	0.015623068617319404	0.008650763214684503	0.035865610730982954	0.019146012457564438
T[T>C]T	0.0006586820424873707	0.0006275804174910938	0.007313563011110204	0.0029481452050126224	0.004528531164143103	0.0053170196603636085	0.00238846668038164	0.006187772152103932	0.010839007724304678	0.010982265154150427
T[T>G]A	9.799915412227365e-07	1.5871496692554388e-06	1.674918674822834e-05	7.101713693668188e-05	0.009907357192132623	0.00010922523395230143	6.4546811597310235e-06	0.00012801289831273265	0.00011112195710545336	0.0001010495934979616
T[T>G]C	0.0002108899183345197	0.00024861255008301164	0.0006176499107223777	0.0017800894352251362	0.006488315035200571	0.0010429714659204593	0.00024627712835275875	0.0020097101115754868	0.003081425225597343	0.0030398930151046954
T[T>G]G	0.00013117842627528465	0.0003529072105648723	0.0008719001987916819	0.0007045824177707516	0.00022413098717784406	0.0006195437015728799	0.0006583950630151846	0.0011636218270919584	0.003203322826033599	0.0006840273899314297
T[T>G]T	8.361596992711995e-07	8.256688074581575e-06	1.1268377160350004e-06	0.0008043478359737577	0.10267171819759824	1.2341627222127727e-05	1.3155991361877284e-05	1.6620553000734617e-06	1.738657207871639e-06	2.9836453940390584e-05
