Samples	SBS96A	SBS96B	SBS96C	SBS96D	SBS96E	SBS96F	SBS96G
P-0000862-T01-IM3	10	5	0	3	1	12	4
P-0001020-T01-IM3	5	7	0	1	0	0	5
P-0001237-T02-IM6	21	1	0	16	1	9	0
P-0001685-T02-IM3	21	0	0	22	0	0	2
P-0002463-T01-IM3	1	14	9	0	1	0	16
P-0002671-T01-IM3	6	0	2	0	0	43	0
P-0003209-T01-IM5	48	2	5	8	0	0	0
P-0003796-T01-IM5	1	8	0	9	0	0	0
P-0004011-T01-IM5	17	19	14	0	0	0	0
P-0004051-T01-IM5	1	18	5	7	0	9	2
P-0004083-T01-IM5	6	0	0	0	0	0	6
P-0004362-T01-IM5	31	0	4	0	0	4	13
P-0004602-T01-IM5	16	9	12	0	0	4	0
P-0004738-T01-IM5	10	15	5	9	0	12	15
P-0004754-T01-IM5	22	16	3	9	0	0	6
P-0004783-T01-IM5	8	30	0	0	0	0	0
P-0004865-T01-IM5	6	1	22	0	118	0	0
P-0005151-T01-IM5	14	4	0	22	2	6	4
P-0005197-T01-IM5	19	0	8	4	0	10	0
P-0005230-T01-IM5	35	0	12	4	0	0	13
P-0005326-T01-IM5	12	4	11	3	0	1	19
P-0005443-T01-IM5	8	11	2	0	0	6	1
P-0005455-T01-IM5	18	0	3	0	2	6	9
P-0005529-T01-IM5	8	3	4	0	0	5	4
P-0005548-T01-IM5	22	18	17	0	0	4	0
P-0005560-T01-IM5	11	4	10	0	0	6	2
P-0005823-T01-IM5	29	2	3	10	3	9	6
P-0005824-T01-IM5	16	11	59	0	261	0	0
P-0005987-T01-IM5	1	7	0	0	2	0	12
P-0006170-T01-IM5	8	0	0	28	3	0	0
P-0006207-T01-IM5	10	4	0	0	2	13	11
P-0006365-T01-IM5	5	1	9	6	0	8	0
P-0006612-T01-IM5	12	6	190	0	153	0	0
P-0006753-T01-IM5	3	7	1	13	2	1	4
P-0006960-T01-IM5	27	109	42	15	78	76	0
P-0007055-T01-IM5	7	3	7	16	0	1	2
P-0007147-T01-IM5	20	20	20	12	2	11	34
P-0007296-T01-IM5	19	11	0	1	1	19	4
P-0007596-T01-IM5	10	23	2	0	0	9	0
P-0007688-T01-IM5	7	8	4	0	2	15	0
P-0007739-T01-IM5	0	10	0	2	0	0	9
P-0007831-T01-IM5	2	6	5	19	2	0	0
P-0007836-T01-IM5	26	0	1	14	1	1	3
P-0007843-T01-IM5	6	5	1	7	0	6	1
P-0007882-T01-IM5	5	15	0	9	0	2	1
P-0007997-T01-IM5	3	9	0	14	0	1	5
P-0008180-T01-IM5	13	17	2	0	0	10	10
P-0008226-T02-IM5	12	2	10	3	2	11	0
P-0008317-T01-IM5	29	2	3	0	0	2	3
P-0008504-T03-IM6	5	2	0	9	5	13	33
P-0008721-T01-IM5	11	8	3	13	2	6	11
P-0008729-T01-IM5	8	4	7	8	3	5	1
P-0008745-T01-IM5	12	4	0	6	0	0	0
P-0008746-T01-IM5	10	8	7	1	0	0	10
P-0009157-T01-IM5	2	8	2	0	0	14	0
P-0009830-T01-IM5	4	1	3	11	0	0	8
P-0009964-T01-IM5	4	0	5	4	0	8	3
P-0010167-T01-IM5	2	9	0	0	0	2	10
P-0010275-T01-IM5	14	14	2	3	0	7	1
P-0010308-T01-IM5	3	0	4	13	0	0	3
P-0010499-T01-IM5	0	7	75	0	73	0	0
P-0010587-T01-IM5	33	0	17	0	2	7	2
P-0010680-T02-IM6	3	0	0	24	3	0	0
P-0010783-T01-IM5	25	4	0	0	0	5	15
P-0010798-T01-IM5	1	1	0	8	0	2	3
P-0010929-T01-IM5	8	10	7	0	0	0	1
P-0011068-T01-IM5	6	7	1	5	0	2	3
P-0011071-T01-IM5	14	5	0	18	4	0	15
P-0011226-T01-IM5	18	13	6	15	0	0	0
P-0011235-T01-IM5	3	0	1	12	0	0	2
P-0011324-T01-IM5	35	0	8	7	0	0	0
P-0011357-T01-IM5	3	21	46	0	137	0	0
P-0012115-T01-IM5	9	10	0	0	0	0	6
P-0012249-T01-IM5	4	7	0	7	0	7	0
P-0012313-T01-IM5	13	7	2	11	2	0	5
P-0012402-T01-IM5	8	22	90	0	101	18	0
P-0013010-T01-IM5	36	5	17	0	0	6	13
P-0013082-T01-IM5	18	4	6	17	0	0	0
P-0013227-T01-IM5	0	6	2	4	0	17	8
P-0013357-T01-IM5	13	3	2	9	2	6	0
P-0013374-T01-IM5	19	27	0	0	0	0	3
P-0013400-T01-IM5	33	5	9	0	0	0	0
P-0013462-T01-IM5	4	0	2	0	0	7	15
P-0013492-T01-IM5	9	3	2	3	0	19	0
P-0013876-T01-IM5	11	14	7	0	0	3	7
P-0013981-T01-IM5	9	0	9	21	0	0	0
P-0014143-T01-IM5	2	11	5	11	0	2	5
P-0014258-T01-IM6	0	27	9	22	0	2	16
P-0014616-T01-IM6	8	9	0	0	0	3	0
P-0014787-T01-IM6	10	3	4	0	2	19	0
P-0014994-T01-IM6	14	12	1	0	0	9	0
P-0015237-T01-IM6	1	8	3	21	2	4	0
P-0015252-T01-IM6	16	9	2	2	0	0	2
P-0015416-T01-IM6	48	9	4	0	0	5	22
P-0015536-T01-IM6	5	2	5	1	2	18	10
P-0015699-T01-IM6	0	2	0	28	2	0	14
P-0015851-T01-IM6	14	0	0	11	0	0	1
P-0016314-T01-IM6	4	18	7	14	0	17	29
P-0016522-T01-IM6	14	5	6	6	0	4	0
P-0016890-T01-IM6	4	0	1	22	2	9	0
P-0017583-T01-IM5	0	10	2	1	2	3	11
P-0017664-T01-IM5	3	0	0	0	0	0	2
P-0017697-T01-IM6	29	7	0	8	0	16	10
P-0017839-T01-IM6	19	0	16	0	0	6	0
P-0017925-T01-IM6	13	5	6	2	0	15	7
P-0017986-T02-IM6	22	1	2	26	2	12	0
P-0017995-T01-IM6	7	13	6	12	0	0	0
P-0018374-T01-IM6	8	10	5	0	2	8	4
P-0018436-T01-IM6	9	0	0	6	0	0	1
P-0018437-T01-IM6	8	3	0	14	0	2	6
P-0018841-T01-IM6	0	8	0	4	0	0	38
P-0019183-T01-IM6	1	5	0	2	0	0	0
P-0019428-T01-IM6	17	0	2	13	0	0	4
P-0019464-T01-IM6	37	10	12	1	2	22	12
P-0019475-T01-IM6	8	7	0	28	0	13	11
P-0019846-T01-IM6	7	6	4	0	0	10	6
P-0019949-T01-IM6	16	6	3	0	1	0	0
P-0020143-T01-IM6	24	0	1	14	0	0	12
P-0020144-T01-IM6	5	0	4	9	0	0	0
P-0020221-T01-IM6	22	9	1	3	0	7	15
P-0020330-T01-IM6	16	24	7	0	3	7	40
P-0020331-T01-IM6	28	1	0	26	2	6	25
P-0020399-T01-IM6	16	0	2	0	0	7	15
P-0020431-T01-IM6	13	0	5	7	0	0	1
P-0020473-T01-IM6	3	9	91	0	45	0	0
P-0020689-T01-IM6	24	2	22	0	2	15	5
P-0020748-T01-IM6	8	0	1	5	2	0	0
P-0020834-T01-IM6	2	0	6	0	0	9	0
P-0021049-T01-IM6	19	6	6	0	0	0	5
P-0021090-T01-IM6	5	20	116	0	37	0	0
P-0021154-T01-IM6	1	8	2	0	0	14	4
P-0021292-T01-IM6	15	4	3	4	0	10	0
P-0021304-T01-IM6	30	11	8	13	2	0	0
P-0021346-T01-IM6	6	9	2	5	0	0	0
P-0021393-T01-IM6	15	31	0	0	0	17	0
P-0021744-T01-IM6	21	17	0	7	0	7	8
P-0022111-T01-IM6	21	19	8	28	0	8	1
P-0022508-T01-IM6	16	2	2	0	0	2	3
P-0023162-T01-IM6	4	1	0	1	0	8	10
P-0023271-T01-IM6	17	26	141	0	117	0	0
P-0023272-T01-IM6	20	15	0	0	0	1	17
P-0023551-T01-IM6	11	4	4	0	0	21	16
P-0023639-T01-IM6	8	10	9	10	0	0	6
P-0024928-T01-IM6	1	21	3	0	0	0	2
P-0024973-T01-IM6	7	0	1	9	0	3	7
P-0025047-T01-IM6	9	2	7	7	0	16	15
P-0025073-T01-IM6	15	9	2	0	3	0	4
P-0025215-T01-IM6	12	3	6	10	2	6	10
P-0025695-T01-IM6	12	4	4	17	0	2	0
P-0025715-T01-IM6	6	8	1	0	0	24	2
P-0025883-T01-IM6	19	18	2	7	2	2	13
P-0026197-T01-IM6	3	15	4	36	0	0	14
P-0026480-T01-IM6	4	4	4	29	0	19	0
P-0026678-T01-IM6	43	7	8	0	0	6	0
P-0026683-T01-IM6	50	0	13	0	0	0	14
P-0026908-T01-IM6	3	1	0	21	2	0	1
P-0026962-T01-IM6	2	15	7	0	2	6	3
P-0027324-T01-IM6	24	19	2	0	2	9	0
P-0027335-T01-IM6	13	18	0	2	0	7	3
P-0027375-T01-IM6	3	7	9	5	2	5	4
P-0027438-T01-IM6	0	26	0	0	2	1	4
P-0027740-T01-IM6	50	31	6	0	1	2	2
P-0027858-T01-IM6	11	14	0	30	0	14	13
P-0027929-T01-IM6	8	76	7	109	12	96	23
P-0028069-T01-IM6	2	8	6	5	0	13	3
P-0028266-T01-IM6	50	1	12	33	0	0	1
P-0028274-T01-IM6	15	7	2	27	0	0	0
P-0028344-T01-IM6	3	9	4	0	0	7	0
P-0028474-T01-IM6	7	24	2	26	2	23	0
P-0028485-T01-IM6	29	22	19	2	0	0	11
P-0028571-T01-IM6	11	6	0	0	0	17	0
P-0028891-T01-IM6	55	5	1	43	0	4	0
P-0028979-T01-IM6	11	0	1	6	0	16	24
P-0029114-T01-IM6	0	15	3	0	0	0	10
P-0029169-T01-IM6	8	19	3	0	0	0	0
P-0029398-T01-IM6	13	8	10	0	2	14	0
P-0029399-T01-IM6	17	0	9	0	3	14	3
P-0029495-T03-IM6	33	8	12	3	0	1	0
P-0029646-T01-IM6	12	8	1	50	3	8	0
P-0029980-T01-IM6	17	24	11	0	2	11	8
P-0030244-T01-IM6	2	18	0	20	2	0	8
P-0030265-T01-IM6	44	181	0	0	3	0	0
P-0030636-T01-IM6	13	0	8	9	0	0	2
P-0030708-T01-IM6	16	11	4	23	0	3	6
P-0030774-T01-IM6	23	17	19	0	0	10	2
P-0030960-T01-IM6	8	7	3	12	1	5	0
P-0030988-T01-IM6	3	16	3	0	0	13	5
P-0031050-T01-IM6	4	11	2	0	0	0	14
P-0031091-T01-IM6	11	26	3	0	0	17	3
P-0031146-T01-IM6	8	9	1	0	0	0	5
P-0031207-T01-IM6	9	0	0	11	0	2	16
P-0031496-T01-IM6	14	19	10	3	0	5	2
P-0032060-T01-IM6	21	18	0	5	3	0	8
P-0032698-T01-IM6	14	5	0	0	2	26	0
P-0032718-T01-IM6	0	20	0	18	4	1	16
P-0032777-T01-IM6	0	4	2	0	5	32	0
P-0033100-T01-IM6	17	0	5	7	2	8	8
P-0033382-T01-IM6	52	8	28	0	3	1	0
P-0033425-T01-IM6	107	206	25	0	7	20	0
P-0033503-T01-IM6	19	0	5	4	0	2	0
P-0033748-T01-IM6	0	0	0	23	100	0	11
P-0033852-T01-IM6	10	0	8	4	1	16	0
P-0034090-T01-IM6	0	9	2	1	0	3	4
P-0034401-T01-IM6	8	1	0	15	0	0	0
P-0034935-T01-IM6	0	2	0	2	0	4	5
P-0034950-T01-IM6	13	7	0	19	0	0	0
P-0035033-T01-IM6	3	5	0	0	0	0	2
P-0035100-T01-IM6	21	2	0	0	0	9	1
P-0035103-T01-IM6	5	8	22	0	98	0	0
P-0035437-T01-IM6	4	2	19	6	2	7	8
P-0035452-T01-IM6	14	9	9	22	0	9	3
P-0035693-T01-IM6	2	2	14	3	0	0	0
P-0035742-T01-IM6	0	3	13	0	7	0	0
P-0035755-T01-IM6	11	9	0	12	0	5	10
P-0035916-T01-IM6	12	5	5	0	2	2	16
P-0036028-T01-IM6	10	20	0	1	4	11	0
P-0036050-T01-IM6	13	19	10	0	0	0	0
P-0036309-T01-IM6	13	5	5	0	0	10	6
P-0036334-T01-IM6	20	13	4	4	2	5	3
P-0036369-T01-IM6	11	16	10	0	2	4	10
P-0036380-T01-IM6	2	2	6	20	2	0	0
P-0036500-T01-IM6	23	20	17	0	0	1	0
P-0036503-T01-IM6	0	22	70	0	48	0	0
P-0036831-T01-IM6	11	5	8	7	1	2	9
P-0036852-T01-IM6	11	5	4	18	5	6	10
P-0036924-T01-IM6	4	0	1	16	0	0	24
P-0037227-T01-IM6	13	0	0	0	0	8	11
P-0037246-T01-IM6	6	10	1	6	2	0	1
P-0037410-T01-IM6	4	15	0	35	2	3	7
P-0037531-T01-IM6	0	6	10	0	74	3	17
P-0037582-T01-IM6	15	8	3	0	0	4	1
P-0037838-T02-IM6	11	5	0	0	2	11	2
P-0037867-T01-IM6	7	7	13	3	0	15	0
P-0037875-T01-IM6	4	5	9	23	0	2	2
P-0037898-T01-IM6	0	21	53	0	142	0	0
P-0038159-T01-IM6	15	0	0	9	0	1	8
P-0038378-T01-IM6	9	4	3	8	0	1	11
P-0038553-T01-IM6	8	21	6	4	0	8	18
P-0038612-T02-IM6	4	9	2	0	0	8	4
P-0038638-T01-IM6	4	0	4	13	0	7	0
P-0038880-T01-IM6	38	1	10	23	2	0	0
P-0038908-T01-IM6	6	0	3	0	0	7	5
P-0039283-T01-IM6	53	21	25	3	2	8	4
P-0039441-T01-IM6	6	3	1	20	0	1	0
P-0039443-T01-IM6	20	9	7	14	0	0	0
P-0039589-T01-IM6	26	21	0	37	14	31	0
P-0039800-T01-IM6	18	10	0	0	0	2	0
P-0039938-T01-IM6	17	13	3	8	2	15	0
P-0039999-T01-IM6	11	0	0	22	0	0	15
P-0040021-T01-IM6	12	1	3	7	2	4	4
P-0040107-T01-IM6	14	13	1	3	0	5	8
P-0040121-T01-IM6	7	6	8	0	2	6	21
P-0040182-T01-IM6	6	11	2	0	0	17	5
P-0040250-T01-IM6	16	21	0	0	2	2	0
P-0040355-T01-IM6	10	5	3	0	0	2	10
P-0040373-T01-IM6	9	11	11	0	0	5	15
P-0040484-T01-IM6	7	8	3	2	0	3	0
P-0040678-T01-IM6	29	11	4	0	0	5	0
P-0040787-T01-IM6	6	10	9	8	140	0	0
P-0041005-T01-IM6	13	22	4	0	0	23	11
P-0041144-T01-IM6	17	9	8	17	0	5	2
P-0041213-T01-IM6	6	4	1	15	0	0	0
P-0041436-T01-IM6	17	11	0	2	1	7	10
P-0041542-T01-IM6	4	6	11	0	0	0	0
P-0041648-T01-IM6	37	4	8	7	2	11	0
P-0041855-T01-IM6	18	5	0	39	3	14	0
P-0041986-T01-IM6	24	4	9	0	0	9	8
P-0042503-T01-IM6	11	4	0	0	2	11	12
P-0042615-T01-IM6	16	0	0	18	2	2	0
P-0042737-T01-IM6	12	12	7	0	0	11	0
P-0042880-T01-IM6	6	0	4	12	1	4	0
P-0043005-T01-IM6	24	13	12	3	2	11	0
P-0043052-T01-IM6	38	2	12	33	0	8	0
P-0043087-T01-IM6	27	18	11	0	0	5	26
P-0043095-T01-IM6	20	5	7	0	0	5	19
P-0043154-T01-IM6	20	2	8	12	2	8	0
P-0043169-T01-IM6	0	5	0	10	0	0	3
P-0043595-T01-IM6	21	4	9	18	0	4	0
P-0043599-T01-IM6	7	2	0	9	2	0	19
P-0043781-T01-IM6	5	0	1	3	0	0	27
P-0043907-T01-IM6	32	0	1	2	0	7	8
P-0044184-T01-IM6	9	11	1	21	0	11	0
P-0044217-T01-IM6	11	0	0	1	0	4	5
P-0044329-T01-IM6	21	3	0	10	0	8	10
P-0044371-T01-IM6	6	6	6	0	0	0	48
P-0044406-T01-IM6	14	3	9	0	0	0	11
P-0044484-T01-IM6	14	10	5	0	2	2	5
P-0044540-T01-IM6	6	23	6	0	5	0	5
P-0044544-T01-IM6	14	0	0	12	0	2	8
P-0044576-T01-IM6	13	0	0	0	1	0	18
P-0044645-T01-IM6	61	21	0	2	0	1	0
P-0044666-T01-IM6	5	15	0	8	0	0	1
P-0044791-T01-IM6	23	15	0	1	0	0	2
P-0044805-T01-IM6	15	3	5	2	0	3	3
P-0044833-T01-IM6	24	1	2	14	1	17	0
P-0044858-T01-IM6	16	0	1	0	2	0	10
P-0045009-T01-IM6	6	12	4	2	0	2	0
P-0045111-T01-IM6	14	2	6	15	2	12	0
P-0045223-T01-IM6	1	5	2	0	0	0	13
P-0045253-T01-IM6	13	3	0	0	0	3	19
P-0045320-T01-IM6	9	3	7	2	0	6	3
P-0045366-T01-IM6	11	9	0	7	0	0	6
P-0045460-T01-IM6	5	4	5	5	0	5	5
P-0045471-T01-IM6	0	16	3	0	0	0	4
P-0045547-T01-IM6	5	0	0	8	2	2	1
P-0045569-T01-IM6	24	17	0	4	0	9	14
P-0045713-T01-IM6	8	0	3	10	0	0	0
P-0045823-T01-IM6	8	17	1	0	0	12	0
P-0045984-T01-IM6	28	3	10	13	0	0	0
P-0046035-T01-IM6	12	0	0	0	4	0	10
P-0046229-T01-IM6	5	3	0	19	1	0	3
P-0046266-T01-IM6	9	1	1	11	0	15	4
P-0046311-T01-IM6	7	3	11	2	2	3	0
P-0046312-T01-IM6	22	0	0	13	2	0	0
P-0046394-T01-IM6	17	1	0	14	1	1	1
P-0046492-T01-IM6	13	0	10	7	0	5	0
P-0046698-T01-IM6	34	27	10	8	0	19	3
P-0046738-T01-IM6	5	14	1	2	0	2	0
P-0046739-T01-IM6	22	13	3	0	0	3	5
P-0046759-T01-IM6	15	12	0	0	2	1	10
P-0046843-T01-IM6	33	4	7	0	0	0	27
P-0046954-T01-IM6	0	0	0	10	0	0	0
P-0047056-T01-IM6	17	15	9	11	0	11	15
P-0047121-T01-IM6	15	5	2	0	0	1	2
P-0047196-T01-IM6	11	5	0	14	0	0	0
P-0047599-T01-IM6	50	5	17	7	0	12	0
P-0047601-T01-IM6	3	11	3	0	0	3	10
P-0047632-T01-IM6	17	20	3	0	0	8	1
P-0047822-T01-IM6	12	0	3	17	0	9	5
P-0047850-T01-IM6	27	1	6	6	0	6	3
P-0047862-T01-IM6	9	11	3	2	0	6	4
P-0047886-T01-IM6	13	4	5	0	2	2	22
P-0048082-T01-IM6	18	0	4	9	0	5	4
P-0048215-T01-IM6	0	85	218	0	167	0	0
P-0048221-T01-IM6	23	22	5	28	0	0	0
P-0048257-T01-IM6	3	7	3	0	5	12	4
P-0048271-T01-IM6	16	0	6	2	0	3	0
P-0048660-T01-IM6	11	2	0	3	0	0	9
P-0048893-T01-IM6	18	1	6	1	2	8	5
P-0049064-T01-IM6	3	15	8	8	0	0	17
P-0049202-T01-IM6	0	6	42	0	122	3	0
P-0049359-T01-IM6	15	0	6	0	0	5	3
P-0049376-T01-IM6	21	0	5	0	0	9	10
P-0049486-T01-IM6	6	7	0	2	0	0	5
P-0049600-T01-IM6	4	4	1	4	0	4	0
P-0049633-T01-IM6	5	10	0	0	0	4	10
P-0049661-T01-IM6	8	6	2	18	0	0	0
P-0049762-T01-IM6	8	13	6	0	0	6	0
P-0049970-T01-IM6	22	5	8	0	4	12	9
P-0050263-T01-IM6	0	0	145	0	136	0	0
P-0050266-T01-IM6	5	0	5	19	2	16	0
