NMF_Replicate	L1	L1 %	L2	L2 %	KL Divergence	Correlation	Convergence Iterations
1	19.228	97.971	5.248	63.106	1.037	0.723	20000.0
2	17.934	90.038	4.725	57.97	1.023	0.76	20000.0
3	19.37	98.613	5.249	63.241	1.068	0.717	20000.0
4	18.433	93.762	4.944	60.969	1.078	0.722	30000.0
5	19.134	97.296	5.17	62.611	1.056	0.723	30000.0
6	17.842	89.461	4.67	57.006	1.007	0.766	20000.0
7	19.743	98.862	5.287	62.647	1.061	0.721	20000.0
8	18.973	94.305	5.047	60.19	1.011	0.747	30000.0
9	19.59	99.303	5.367	64.391	1.039	0.708	30000.0
10	19.025	94.8	5.174	61.86	1.036	0.733	30000.0
11	18.793	95.651	5.072	60.993	1.04	0.733	50000.0
12	19.076	95.411	5.09	61.738	1.065	0.73	30000.0
13	18.505	93.427	4.974	60.469	1.038	0.74	20000.0
14	18.731	94.283	5.101	61.473	1.02	0.736	20000.0
15	19.053	96.017	5.175	62.026	1.016	0.732	30000.0
16	18.157	91.189	4.798	58.442	1.021	0.759	40000.0
17	19.326	98.027	5.259	63.061	1.038	0.72	30000.0
18	19.217	97.67	5.241	63.911	1.09	0.701	20000.0
19	19.365	97.363	5.195	62.129	1.042	0.726	50000.0
20	18.463	93.438	4.943	60.32	1.049	0.739	40000.0
21	18.831	93.868	5.038	60.083	1.019	0.743	30000.0
22	19.094	97.27	5.074	61.709	1.054	0.729	20000.0
23	18.847	95.283	5.037	61.207	1.034	0.739	50000.0
24	19.022	95.075	5.111	61.064	1.012	0.736	20000.0
25	19.079	95.822	5.154	61.629	1.008	0.738	30000.0
26	18.721	94.904	4.949	60.907	1.075	0.729	30000.0
27	18.448	93.277	4.922	59.705	1.019	0.748	30000.0
28	19.009	96.335	5.138	62.116	1.061	0.726	20000.0
29	18.986	95.832	5.113	61.089	1.028	0.737	20000.0
30	19.123	95.912	5.112	61.217	1.043	0.734	20000.0
31	18.7	94.67	5.068	60.908	1.02	0.741	20000.0
32	18.468	94.76	4.888	60.1	1.04	0.742	20000.0
33	18.405	93.361	4.919	59.988	1.036	0.739	20000.0
34	19.489	99.279	5.252	62.836	1.054	0.713	20000.0
35	19.49	98.819	5.298	63.836	1.058	0.706	40000.0
36	19.167	97.198	5.166	62.05	1.032	0.73	20000.0
37	18.821	94.89	5.06	61.108	1.037	0.735	20000.0
38	19.052	94.61	5.099	60.724	1.011	0.731	20000.0
39	19.382	98.088	5.26	63.007	1.045	0.717	30000.0
40	18.396	93.107	4.939	60.583	1.035	0.741	30000.0
41	18.867	95.259	5.045	61.103	1.037	0.731	30000.0
42	18.664	95.055	5.123	61.83	1.054	0.731	20000.0
43	19.218	97.312	5.14	62.266	1.082	0.728	20000.0
44	18.519	93.559	4.923	61.015	1.055	0.741	20000.0
45	18.678	94.01	5.023	61.112	1.046	0.74	40000.0
46	18.187	91.921	4.869	59.216	1.028	0.743	20000.0
47	19.194	98.202	5.229	62.591	1.055	0.719	50000.0
48	18.621	94.267	4.976	60.262	1.012	0.744	20000.0
49	19.552	97.48	5.235	62.119	1.04	0.733	60000.0
50	19.023	94.991	5.164	61.505	1.035	0.74	20000.0
51	19.582	99.336	5.334	63.875	1.086	0.711	40000.0
52	18.672	94.178	4.98	60.453	1.041	0.741	20000.0
53	18.701	93.928	5.009	59.984	0.994	0.747	30000.0
54	18.662	94.039	4.961	60.399	1.032	0.747	30000.0
55	18.207	91.221	4.842	58.83	1.021	0.754	30000.0
56	18.899	94.622	5.086	61.609	1.039	0.737	30000.0
57	18.842	94.928	4.976	60.82	1.049	0.733	30000.0
58	18.291	91.22	4.929	59.383	1.037	0.748	20000.0
59	19.691	98.454	5.305	63.239	1.057	0.709	20000.0
60	19.277	97.769	5.16	62.209	1.037	0.728	20000.0
61	19.239	97.729	5.183	62.656	1.063	0.719	50000.0
62	19.118	95.731	5.108	61.222	1.023	0.736	50000.0
63	18.353	93.499	4.862	59.574	1.06	0.74	20000.0
64	18.282	93.075	4.906	59.328	1.015	0.745	30000.0
65	19.122	97.551	5.175	62.138	1.057	0.725	20000.0
66	18.871	95.58	5.046	61.004	1.025	0.742	20000.0
67	19.321	97.523	5.275	63.349	1.071	0.711	30000.0
68	18.352	92.613	4.845	58.895	1.042	0.753	30000.0
69	18.633	94.517	5.021	61.019	1.045	0.734	30000.0
70	18.559	93.123	4.922	60.027	1.062	0.741	20000.0
71	18.691	93.894	4.948	59.984	1.026	0.744	20000.0
72	19.147	96.176	5.152	62.47	1.044	0.72	40000.0
73	18.615	93.417	4.99	60.236	1.023	0.742	20000.0
74	19.188	97.443	5.158	62.123	1.045	0.719	40000.0
75	17.939	89.073	4.72	58.403	1.045	0.756	30000.0
76	19.093	96.094	5.145	61.693	1.048	0.733	20000.0
77	19.491	97.716	5.302	63.767	1.062	0.711	30000.0
78	19.101	96.763	5.131	61.706	1.044	0.73	20000.0
79	19.099	95.747	5.152	61.804	1.03	0.737	20000.0
80	19.26	95.612	5.215	62.2	1.016	0.734	50000.0
81	19.01	95.975	5.054	61.332	1.057	0.727	30000.0
82	19.244	96.264	5.177	61.957	1.034	0.728	20000.0
83	18.655	93.943	5.037	61.14	1.047	0.738	20000.0
84	19.502	99.4	5.225	62.941	1.049	0.723	20000.0
85	19.028	96.193	5.203	62.646	1.056	0.721	20000.0
86	18.377	93.131	4.887	59.559	1.035	0.749	20000.0
87	19.042	94.316	5.044	60.258	1.008	0.746	20000.0
88	17.932	90.203	4.726	57.75	1.038	0.759	20000.0
89	18.684	95.262	5.008	60.848	1.033	0.736	30000.0
90	18.559	93.17	4.955	59.798	1.01	0.747	20000.0
91	18.791	95.687	5.078	61.662	1.04	0.73	50000.0
92	18.921	95.97	5.198	62.345	1.031	0.727	40000.0
93	18.725	94.273	5.032	60.839	1.047	0.735	20000.0
94	18.96	95.581	5.191	62.85	1.066	0.722	20000.0
95	19.073	95.146	5.083	60.538	1.027	0.741	20000.0
96	18.058	91.431	4.783	58.735	1.021	0.756	30000.0
97	17.994	91.33	4.779	59.049	1.058	0.746	30000.0
98	18.924	95.752	5.098	62.235	1.073	0.718	40000.0
99	18.571	92.305	4.988	60.397	1.028	0.75	30000.0
100	18.896	94.119	5.075	60.885	1.027	0.731	60000.0
