NMF_Replicate	L1	L1 %	L2	L2 %	KL Divergence	Correlation	Convergence Iterations
1	31.27	108.177	7.164	69.064	1.085	0.67	20000.0
2	32.179	111.584	7.689	72.451	1.144	0.636	30000.0
3	30.389	112.939	7.02	73.153	1.227	0.619	30000.0
4	32.499	111.524	7.347	72.677	1.148	0.623	40000.0
5	32.484	113.564	7.771	74.59	1.159	0.607	20000.0
6	31.908	114.067	7.366	72.586	1.212	0.614	20000.0
7	31.986	111.861	7.623	72.461	1.179	0.62	30000.0
8	30.848	109.421	7.288	70.194	1.122	0.653	30000.0
9	32.499	113.654	7.847	73.787	1.173	0.612	20000.0
10	33.875	113.552	8.007	72.708	1.139	0.624	30000.0
11	31.677	109.733	7.729	72.223	1.147	0.635	30000.0
12	30.005	113.14	7.037	73.674	1.225	0.61	20000.0
13	31.576	113.352	7.135	73.485	1.195	0.608	20000.0
14	31.139	112.319	7.319	73.493	1.19	0.611	20000.0
15	30.207	108.573	6.806	70.44	1.132	0.642	20000.0
16	32.451	113.02	7.646	72.429	1.159	0.631	30000.0
17	32.079	112.348	7.011	71.41	1.156	0.637	50000.0
18	32.36	112.219	7.438	71.592	1.145	0.638	20000.0
19	30.709	111.471	7.341	71.802	1.151	0.631	40000.0
20	33.525	111.426	8.431	72.193	1.122	0.641	20000.0
21	31.166	111.095	7.275	71.987	1.119	0.633	40000.0
22	31.822	111.784	7.674	72.435	1.098	0.64	30000.0
23	32.229	109.835	7.864	72.856	1.123	0.629	40000.0
24	30.324	109.765	6.916	70.876	1.169	0.638	40000.0
25	32.64	111.753	7.961	74.005	1.162	0.612	20000.0
26	31.77	110.738	7.376	71.853	1.164	0.637	30000.0
27	32.029	111.157	7.808	72.558	1.121	0.624	30000.0
28	31.549	112.164	7.479	72.871	1.154	0.626	30000.0
29	29.97	110.358	7.0	72.15	1.171	0.632	40000.0
30	34.29	113.199	8.107	72.97	1.151	0.63	30000.0
31	31.145	109.928	7.687	70.895	1.158	0.641	20000.0
32	30.058	113.526	6.998	73.136	1.214	0.614	30000.0
33	32.507	113.155	7.722	72.795	1.168	0.623	40000.0
34	31.423	110.185	7.545	71.765	1.116	0.641	20000.0
35	32.937	112.579	7.724	72.838	1.15	0.621	50000.0
36	31.992	113.114	7.441	72.644	1.187	0.618	20000.0
37	30.978	109.48	7.395	70.576	1.145	0.656	20000.0
38	29.775	110.409	7.032	72.32	1.144	0.627	20000.0
39	31.744	112.53	7.267	72.923	1.181	0.617	20000.0
40	31.738	110.526	7.442	71.291	1.135	0.641	20000.0
41	31.093	111.337	7.297	72.779	1.18	0.619	20000.0
42	32.462	112.876	7.898	73.289	1.178	0.619	20000.0
43	31.536	110.92	7.067	72.2	1.151	0.631	30000.0
44	34.05	114.783	8.254	72.802	1.153	0.64	20000.0
45	29.955	111.649	6.672	70.188	1.152	0.646	20000.0
46	31.101	112.206	7.288	73.24	1.19	0.618	20000.0
47	32.833	116.706	7.474	73.836	1.208	0.61	20000.0
48	31.72	112.761	7.375	72.79	1.182	0.619	30000.0
49	33.329	113.34	8.15	73.521	1.151	0.622	40000.0
50	31.913	111.362	7.738	72.079	1.167	0.624	30000.0
51	32.76	114.367	7.907	74.266	1.19	0.601	20000.0
52	30.568	107.611	7.226	70.042	1.11	0.652	20000.0
53	31.079	111.262	7.249	73.09	1.173	0.623	30000.0
54	32.432	108.396	7.764	71.577	1.113	0.644	20000.0
55	30.41	111.196	7.037	70.789	1.169	0.642	20000.0
56	30.845	112.169	7.198	72.761	1.162	0.618	40000.0
57	31.317	113.613	7.272	73.313	1.205	0.603	40000.0
58	31.819	110.652	7.592	72.592	1.158	0.626	30000.0
59	32.8	112.127	7.589	73.487	1.148	0.618	20000.0
60	30.062	109.02	6.912	69.132	1.151	0.652	20000.0
61	30.527	113.665	7.124	73.334	1.192	0.616	30000.0
62	32.08	111.711	7.452	72.097	1.155	0.632	20000.0
63	31.259	113.297	7.457	73.858	1.211	0.607	20000.0
64	30.875	109.698	7.341	70.607	1.146	0.641	20000.0
65	30.524	111.603	7.26	72.404	1.177	0.626	30000.0
66	32.8	113.282	7.968	73.742	1.154	0.616	20000.0
67	31.286	112.77	7.185	72.094	1.185	0.626	40000.0
68	31.406	114.68	7.216	73.307	1.19	0.616	20000.0
69	32.046	110.331	7.536	71.47	1.129	0.642	30000.0
70	31.651	114.471	7.305	73.387	1.24	0.608	20000.0
71	31.293	113.127	7.279	73.597	1.184	0.61	20000.0
72	31.646	110.963	7.767	73.201	1.143	0.614	20000.0
73	31.006	112.758	7.094	72.244	1.185	0.622	20000.0
74	31.579	114.938	7.315	73.325	1.193	0.611	20000.0
75	31.949	110.608	7.895	72.587	1.104	0.642	40000.0
76	31.408	110.228	7.368	71.641	1.117	0.632	30000.0
77	29.995	114.368	7.013	73.621	1.221	0.613	40000.0
78	31.48	111.364	7.382	72.927	1.145	0.627	20000.0
79	31.374	114.768	7.313	74.053	1.213	0.604	40000.0
80	31.148	114.518	7.114	73.159	1.218	0.607	40000.0
81	31.735	112.892	7.172	73.252	1.175	0.621	30000.0
82	30.509	108.767	7.214	71.202	1.099	0.649	20000.0
83	33.315	117.11	8.104	75.404	1.228	0.596	20000.0
84	31.507	113.493	7.504	73.224	1.184	0.62	20000.0
85	31.242	110.351	7.269	71.683	1.135	0.641	30000.0
86	31.341	112.62	7.194	72.342	1.164	0.629	40000.0
87	31.408	109.644	7.128	70.802	1.137	0.642	20000.0
88	32.284	113.478	7.43	73.481	1.218	0.606	20000.0
89	31.539	109.139	7.468	71.611	1.094	0.649	30000.0
90	32.344	115.748	7.404	73.249	1.209	0.61	20000.0
91	33.386	110.946	8.13	71.663	1.129	0.639	20000.0
92	33.333	112.532	8.275	74.518	1.14	0.61	30000.0
93	32.908	108.398	7.965	70.069	1.076	0.678	30000.0
94	32.164	113.194	7.607	72.994	1.175	0.616	40000.0
95	30.336	111.042	6.997	73.04	1.179	0.614	20000.0
96	31.848	109.318	7.595	71.289	1.109	0.648	20000.0
97	33.084	114.375	7.801	75.041	1.179	0.6	20000.0
98	30.629	108.55	7.245	70.712	1.109	0.645	20000.0
99	31.463	112.256	7.157	72.143	1.163	0.63	40000.0
100	32.03	110.946	7.738	72.366	1.148	0.621	20000.0
