Samples	SBS96A	SBS96B	SBS96C
P-0000069-T01-IM3	2	2	8
P-0000448-T01-IM3	0	46	24
P-0000558-T01-IM3	0	5	10
P-0000614-T01-IM3	1	2	17
P-0001248-T01-IM3	2	13	6
P-0001791-T01-IM3	0	6	8
P-0002280-T01-IM3	0	9	12
P-0003014-T01-IM3	3	6	16
P-0003767-T01-IM5	0	7	14
P-0004136-T01-IM5	3	5	16
P-0004255-T01-IM5	2	9	9
P-0004379-T01-IM5	265	93	80
P-0005285-T01-IM5	2	10	5
P-0005564-T01-IM5	5	47	33
P-0006201-T01-IM5	5	7	19
P-0007675-T01-IM5	2	2	0
P-0008444-T01-IM5	2	11	0
P-0008646-T01-IM5	1	7	5
P-0009585-T01-IM5	0	20	0
P-0009985-T01-IM5	1	9	15
P-0010671-T01-IM5	3	6	6
P-0010828-T01-IM5	4	12	2
P-0010967-T01-IM5	143	16	2
P-0011013-T01-IM5	1	8	13
P-0011222-T01-IM5	4	1	13
P-0011569-T01-IM5	0	35	10
P-0011570-T01-IM5	89	25	0
P-0012113-T01-IM5	69	81	88
P-0012152-T01-IM5	1	11	4
P-0012179-T01-IM5	0	28	9
P-0012358-T01-IM5	376	76	0
P-0012397-T01-IM5	34	141	49
P-0012441-T01-IM5	2	7	13
P-0012445-T01-IM5	130	24	17
P-0012670-T01-IM5	110	6	4
P-0012726-T01-IM5	2	3	15
P-0012740-T01-IM5	3	1	16
P-0012819-T01-IM5	2	8	11
P-0012848-T01-IM5	1	7	7
P-0012988-T01-IM5	9	25	119
P-0013112-T02-IM6	2	3	11
P-0013350-T01-IM5	129	10	11
P-0013452-T01-IM5	3	5	6
P-0013537-T01-IM5	157	34	0
P-0014023-T01-IM5	0	7	6
P-0014145-T01-IM5	1	6	16
P-0014170-T01-IM5	0	7	4
P-0014388-T01-IM6	0	19	0
P-0014495-T01-IM6	1	3	9
P-0014528-T01-IM6	17	0	0
P-0014680-T01-IM6	0	10	0
P-0014780-T01-IM6	2	40	5
P-0015048-T01-IM6	1	10	6
P-0015293-T01-IM6	0	22	16
P-0015626-T01-IM6	65	66	5
P-0015869-T01-IM6	98	11	2
P-0015885-T01-IM6	0	56	23
P-0016053-T01-IM6	2	5	15
P-0016099-T01-IM6	313	73	0
P-0016247-T01-IM6	0	7	17
P-0016341-T01-IM6	0	11	9
P-0016505-T01-IM6	28	10	0
P-0016801-T01-IM6	0	18	10
P-0016825-T01-IM6	56	0	0
P-0016904-T01-IM6	5	15	5
P-0017300-T01-IM6	2	2	10
P-0017681-T01-IM6	0	9	13
P-0017713-T01-IM6	0	19	28
P-0017883-T01-IM6	0	25	9
P-0018005-T01-IM6	0	47	0
P-0018100-T01-IM6	7	28	292
P-0018106-T01-IM6	0	3	13
P-0018204-T01-IM6	1	6	33
P-0018224-T01-IM6	3	2	9
P-0018353-T01-IM6	0	17	8
P-0018723-T01-IM6	0	0	2
P-0019071-T01-IM6	2	11	11
P-0019093-T01-IM6	0	7	18
P-0019386-T01-IM6	0	16	11
P-0019598-T01-IM6	3	5	9
P-0019649-T01-IM6	150	99	9
P-0019650-T01-IM6	0	7	14
P-0019658-T01-IM6	89	0	0
P-0019741-T01-IM6	1	26	9
P-0020009-T01-IM6	0	9	11
P-0020227-T01-IM6	4	2	21
P-0020271-T01-IM6	0	20	23
P-0020509-T01-IM6	2	18	0
P-0020754-T01-IM6	1	6	7
P-0021505-T01-IM6	1	16	19
P-0021670-T01-IM6	3	4	7
P-0021692-T01-IM6	1	5	11
P-0021856-T01-IM6	0	12	6
P-0021897-T01-IM6	0	0	9
P-0022010-T01-IM6	0	49	0
P-0023250-T01-IM6	2	1	21
P-0023555-T01-IM6	0	47	0
P-0023857-T01-IM6	4	18	11
P-0023968-T01-IM6	1	9	4
P-0024106-T01-IM6	1	6	7
P-0024289-T01-IM6	0	23	21
P-0025003-T01-IM6	3	2	9
P-0025195-T01-IM6	0	9	14
P-0025240-T01-IM6	0	19	13
P-0025248-T01-IM6	1	12	15
P-0025312-T01-IM6	4	12	8
P-0025648-T01-IM6	145	6	7
P-0025701-T01-IM6	0	24	0
P-0025885-T01-IM6	2	23	5
P-0026221-T01-IM6	0	7	16
P-0026297-T01-IM6	46	233	169
P-0026714-T01-IM6	0	3	15
P-0027652-T01-IM6	181	13	15
P-0027698-T01-IM6	9	44	8
P-0028034-T01-IM6	4	9	27
P-0028141-T01-IM6	2	5	14
P-0028144-T01-IM6	0	6	16
P-0028200-T01-IM6	0	18	0
P-0028472-T01-IM6	0	58	0
P-0028495-T01-IM6	1	9	10
P-0028774-T01-IM6	3	5	7
P-0028924-T01-IM6	2	15	12
P-0029429-T01-IM6	0	9	9
P-0029690-T01-IM6	115	15	0
P-0029778-T01-IM6	2	0	18
P-0029972-T01-IM6	31	0	272
P-0029983-T01-IM6	0	0	12
P-0030260-T01-IM6	1	20	6
P-0030322-T01-IM6	112	5	13
P-0031042-T01-IM6	0	10	18
P-0031094-T01-IM6	0	12	13
P-0031195-T01-IM6	0	0	17
P-0031211-T01-IM6	0	30	0
P-0031271-T01-IM6	0	8	13
P-0031436-T01-IM6	0	3	22
P-0031501-T01-IM6	6	44	16
P-0032113-T01-IM6	2	37	7
P-0032161-T02-IM6	0	19	21
P-0032443-T01-IM6	0	23	0
P-0032456-T01-IM6	0	8	9
P-0032495-T01-IM6	0	7	26
P-0032496-T01-IM6	295	2	8
P-0032497-T01-IM6	2	6	13
P-0032548-T01-IM6	111	8	1
P-0032567-T01-IM6	0	29	12
P-0032761-T01-IM6	1	5	17
P-0032818-T01-IM6	210	42	0
P-0032990-T01-IM6	3	0	14
P-0032994-T01-IM6	2	19	19
P-0033016-T01-IM6	49	20	7
P-0033133-T01-IM6	1	125	19
P-0033467-T01-IM6	0	13	12
P-0033583-T01-IM6	2	11	9
P-0033682-T01-IM6	6	23	2
P-0034775-T01-IM6	0	3	12
P-0034862-T01-IM6	4	2	11
P-0034915-T01-IM6	30	157	132
P-0035146-T01-IM6	128	8	12
P-0035147-T01-IM6	106	0	0
P-0035281-T01-IM6	113	18	0
P-0035770-T01-IM6	358	0	0
P-0035790-T01-IM6	62	316	129
P-0036123-T01-IM6	140	36	0
P-0036230-T01-IM6	5	1	15
P-0036297-T01-IM6	105	16	0
P-0036505-T01-IM6	0	5	14
P-0036664-T01-IM6	0	12	9
P-0036740-T03-IM6	2	7	9
P-0036868-T01-IM6	0	10	7
P-0037690-T01-IM6	9	57	16
P-0037917-T01-IM6	2	2	4
P-0038016-T01-IM6	2	22	6
P-0038084-T01-IM6	5	36	3
P-0038304-T01-IM6	2	8	29
P-0038424-T01-IM6	4	33	20
P-0038520-T01-IM6	1	14	32
P-0038755-T01-IM6	36	7	3
P-0038944-T01-IM6	7	15	3
P-0039004-T01-IM6	1	12	10
P-0039054-T01-IM6	167	178	157
P-0039184-T01-IM6	0	18	0
P-0039231-T01-IM6	0	23	0
P-0039294-T01-IM6	2	16	11
P-0039466-T01-IM6	0	21	19
P-0039477-T01-IM6	1	27	1
P-0039599-T01-IM6	0	0	8
P-0039704-T01-IM6	361	0	0
P-0039773-T01-IM6	51	4	1
P-0039854-T01-IM6	6	14	11
P-0040023-T01-IM6	58	338	108
P-0040086-T01-IM6	71	4	8
P-0040149-T01-IM6	3	5	17
P-0040228-T01-IM6	2	14	8
P-0040284-T01-IM6	98	4	4
P-0040471-T01-IM6	0	4	23
P-0040549-T01-IM6	0	14	6
P-0040575-T01-IM6	5	36	3
P-0040701-T01-IM6	4	7	8
P-0040823-T01-IM6	1	5	48
P-0040828-T01-IM6	259	235	0
P-0040884-T01-IM6	0	4	11
P-0040892-T01-IM6	0	11	17
P-0040992-T01-IM6	1	23	16
P-0041146-T01-IM6	205	0	0
P-0041318-T01-IM6	22	3	3
P-0041346-T01-IM6	218	0	0
P-0041347-T01-IM6	1	2	11
P-0041596-T01-IM6	2	5	19
P-0042199-T01-IM6	220	83	0
P-0042256-T01-IM6	75	0	0
P-0042508-T01-IM6	0	8	0
P-0042644-T01-IM6	7	10	19
P-0042702-T01-IM6	83	0	0
P-0042762-T01-IM6	4	2	74
P-0042782-T01-IM6	1	5	13
P-0042819-T01-IM6	0	6	17
P-0043033-T02-IM6	0	21	14
P-0043071-T01-IM6	33	14	0
P-0043596-T01-IM6	605	143	4
P-0043613-T01-IM6	6	41	16
P-0043842-T01-IM6	214	174	41
P-0043909-T01-IM6	0	7	17
P-0043940-T01-IM6	0	3	17
P-0044312-T01-IM6	1	6	14
P-0044767-T01-IM6	0	10	0
P-0044790-T01-IM6	0	159	0
P-0044987-T01-IM6	3	47	26
P-0045120-T01-IM6	24	7	0
P-0045458-T01-IM6	215	156	0
P-0045533-T01-IM6	2	10	12
P-0045671-T01-IM6	3	4	6
P-0045738-T01-IM6	2	10	15
P-0045991-T01-IM6	0	7	12
P-0046448-T01-IM6	0	33	0
P-0046630-T01-IM6	0	40	0
P-0046754-T01-IM6	0	10	17
P-0046965-T01-IM6	479	0	0
P-0047374-T01-IM6	1	54	4
P-0047379-T01-IM6	2	5	2
P-0047653-T01-IM6	39	14	0
P-0047766-T01-IM6	0	48	0
P-0047768-T01-IM6	0	62	0
P-0047771-T01-IM6	85	3	2
P-0047974-T01-IM6	36	7	1
P-0048176-T01-IM6	2	10	13
P-0048238-T01-IM6	0	8	15
P-0048255-T01-IM6	3	10	25
P-0048289-T01-IM6	2	5	11
P-0048521-T01-IM6	0	8	15
P-0048589-T01-IM6	3	0	18
P-0048620-T01-IM6	4	9	19
P-0048757-T01-IM6	6	27	0
P-0048915-T01-IM6	1	3	17
P-0048984-T01-IM6	0	14	6
P-0049047-T01-IM6	366	123	140
P-0049073-T01-IM6	219	0	0
P-0049274-T01-IM6	46	0	0
P-0049291-T01-IM6	0	45	0
P-0049371-T01-IM6	45	6	0
P-0049473-T01-IM6	2	19	7
P-0049485-T01-IM6	3	25	18
P-0049760-T01-IM6	194	190	0
P-0049775-T01-IM6	7	21	4
P-0049788-T01-IM6	22	0	0
P-0049805-T01-IM6	0	14	7
P-0049931-T01-IM6	3	26	10
P-0050111-T01-IM6	1	17	10
P-0050149-T01-IM6	1	5	24
