Samples	SBS96A	SBS96B	SBS96C	SBS96D
P-0000614-T01-IM3	0	2	2	16
P-0001791-T01-IM3	0	7	0	7
P-0004255-T01-IM5	0	7	4	9
P-0005564-T01-IM5	0	38	18	29
P-0006201-T01-IM5	0	3	13	15
P-0010671-T01-IM5	0	3	6	6
P-0010967-T01-IM5	120	11	30	0
P-0011222-T01-IM5	3	1	1	13
P-0011569-T01-IM5	2	36	1	6
P-0011570-T01-IM5	40	0	74	0
P-0012113-T01-IM5	63	83	27	65
P-0012179-T01-IM5	0	29	0	8
P-0012397-T01-IM5	17	120	57	30
P-0012441-T01-IM5	0	5	4	13
P-0012445-T01-IM5	88	0	83	0
P-0012670-T01-IM5	104	16	0	0
P-0012726-T01-IM5	0	2	6	12
P-0012819-T01-IM5	0	7	5	9
P-0012848-T01-IM5	0	7	2	6
P-0012988-T01-IM5	5	29	20	99
P-0013350-T01-IM5	108	1	41	0
P-0013452-T01-IM5	0	1	10	3
P-0013537-T01-IM5	84	0	107	0
P-0014388-T01-IM6	0	14	5	0
P-0014495-T01-IM6	0	2	2	9
P-0014528-T01-IM6	8	0	9	0
P-0014680-T01-IM6	0	7	0	3
P-0014780-T01-IM6	0	35	9	3
P-0015048-T01-IM6	1	9	1	6
P-0015293-T01-IM6	0	21	0	17
P-0015626-T01-IM6	27	27	82	0
P-0015869-T01-IM6	77	1	33	0
P-0015885-T01-IM6	3	56	0	20
P-0016099-T01-IM6	260	55	71	0
P-0016247-T01-IM6	1	8	0	15
P-0016341-T01-IM6	1	12	0	7
P-0016505-T01-IM6	11	0	27	0
P-0016801-T01-IM6	0	17	3	8
P-0016825-T01-IM6	52	4	0	0
P-0016904-T01-IM6	1	11	9	4
P-0017681-T01-IM6	0	9	0	13
P-0017713-T01-IM6	0	21	4	22
P-0017883-T01-IM6	1	25	0	8
P-0018005-T01-IM6	1	45	0	1
P-0018100-T01-IM6	4	47	17	259
P-0018106-T01-IM6	0	4	0	12
P-0018204-T01-IM6	0	6	4	30
P-0018224-T01-IM6	3	4	0	7
P-0018353-T01-IM6	0	17	1	7
P-0018723-T01-IM6	0	0	0	2
P-0019093-T01-IM6	0	8	0	17
P-0019386-T01-IM6	1	16	1	9
P-0019598-T01-IM6	2	4	4	7
P-0019649-T01-IM6	85	38	135	0
P-0019650-T01-IM6	1	8	0	12
P-0019658-T01-IM6	82	1	6	0
P-0019741-T01-IM6	0	25	6	5
P-0020009-T01-IM6	0	10	0	10
P-0020227-T01-IM6	0	0	7	20
P-0020271-T01-IM6	0	21	0	22
P-0020509-T01-IM6	2	16	2	0
P-0020754-T01-IM6	0	6	2	6
P-0021505-T01-IM6	1	15	4	16
P-0021670-T01-IM6	0	2	5	7
P-0021897-T01-IM6	0	0	0	9
P-0022010-T01-IM6	0	39	10	0
P-0023250-T01-IM6	1	1	3	19
P-0023555-T01-IM6	0	38	0	9
P-0023857-T01-IM6	2	14	7	10
P-0023968-T01-IM6	0	8	2	4
P-0024106-T01-IM6	2	6	0	6
P-0024289-T01-IM6	0	25	0	19
P-0025195-T01-IM6	0	12	0	11
P-0025240-T01-IM6	0	20	0	12
P-0025248-T01-IM6	0	11	6	11
P-0025312-T01-IM6	0	6	10	8
P-0025648-T01-IM6	131	11	16	0
P-0025885-T01-IM6	0	22	7	1
P-0026714-T01-IM6	0	4	0	14
P-0027652-T01-IM6	146	0	63	0
P-0028495-T01-IM6	0	9	3	8
P-0028774-T01-IM6	0	3	6	6
P-0029690-T01-IM6	103	20	7	0
P-0029778-T01-IM6	0	0	4	16
P-0029972-T01-IM6	32	5	0	266
P-0030260-T01-IM6	0	16	4	7
P-0031042-T01-IM6	0	13	0	15
P-0031094-T01-IM6	0	13	0	12
P-0031195-T01-IM6	0	1	0	16
P-0031211-T01-IM6	1	25	4	0
P-0031271-T01-IM6	0	8	0	13
P-0031436-T01-IM6	0	5	0	20
P-0031501-T01-IM6	0	35	21	10
P-0032113-T01-IM6	2	36	6	2
P-0032161-T02-IM6	2	20	0	18
P-0032443-T01-IM6	0	17	4	2
P-0032496-T01-IM6	255	2	48	0
P-0032497-T01-IM6	1	4	3	13
P-0032548-T01-IM6	67	0	53	0
P-0032567-T01-IM6	2	31	0	8
P-0032761-T01-IM6	0	5	2	16
P-0032818-T01-IM6	92	0	160	0
P-0032990-T01-IM6	2	1	0	14
P-0032994-T01-IM6	0	18	6	16
P-0033016-T01-IM6	44	19	13	0
P-0033133-T01-IM6	7	125	10	3
P-0033682-T01-IM6	1	16	13	1
P-0034775-T01-IM6	0	4	0	11
P-0034862-T01-IM6	2	1	3	11
P-0034915-T01-IM6	46	182	0	91
P-0035146-T01-IM6	111	7	23	7
P-0035147-T01-IM6	95	3	4	4
P-0035281-T01-IM6	54	0	77	0
P-0035770-T01-IM6	302	7	38	11
P-0035790-T01-IM6	71	322	35	79
P-0036123-T01-IM6	65	0	111	0
P-0036230-T01-IM6	1	0	7	13
P-0036297-T01-IM6	81	6	34	0
P-0036505-T01-IM6	0	7	0	12
P-0036664-T01-IM6	0	13	0	8
P-0036740-T03-IM6	0	5	4	9
P-0036868-T01-IM6	0	11	0	6
P-0037690-T01-IM6	6	55	16	5
P-0037917-T01-IM6	2	3	0	3
P-0038016-T01-IM6	0	20	5	5
P-0038084-T01-IM6	1	30	12	1
P-0038520-T01-IM6	0	14	6	27
P-0038755-T01-IM6	22	0	24	0
P-0038944-T01-IM6	1	7	14	3
P-0039054-T01-IM6	185	216	17	84
P-0039231-T01-IM6	0	22	0	1
P-0039466-T01-IM6	0	22	0	18
P-0039477-T01-IM6	0	24	4	1
P-0039599-T01-IM6	1	0	0	7
P-0039704-T01-IM6	312	0	49	0
P-0039773-T01-IM6	29	0	27	0
P-0039854-T01-IM6	1	8	12	10
P-0040023-T01-IM6	60	335	48	61
P-0040086-T01-IM6	69	11	0	3
P-0040149-T01-IM6	1	4	4	16
P-0040228-T01-IM6	3	14	0	7
P-0040284-T01-IM6	81	0	25	0
P-0040575-T01-IM6	1	29	12	2
P-0040701-T01-IM6	0	3	8	8
P-0040828-T01-IM6	120	90	284	0
P-0040884-T01-IM6	0	6	0	9
P-0040892-T01-IM6	0	13	0	15
P-0040992-T01-IM6	1	22	3	14
P-0041146-T01-IM6	170	17	0	18
P-0041318-T01-IM6	21	5	0	2
P-0041346-T01-IM6	196	4	0	18
P-0041347-T01-IM6	0	2	3	9
P-0042199-T01-IM6	121	0	182	0
P-0042256-T01-IM6	50	0	25	0
P-0042644-T01-IM6	0	4	19	13
P-0042702-T01-IM6	44	0	39	0
P-0042762-T01-IM6	0	1	10	69
P-0042782-T01-IM6	0	5	3	11
P-0043033-T02-IM6	1	20	2	12
P-0043071-T01-IM6	20	4	23	0
P-0043596-T01-IM6	398	0	354	0
P-0043613-T01-IM6	1	33	15	14
P-0043842-T01-IM6	202	174	53	0
P-0043909-T01-IM6	0	9	0	15
P-0043940-T01-IM6	0	3	0	17
P-0044312-T01-IM6	0	5	2	14
P-0044767-T01-IM6	0	6	0	4
P-0044790-T01-IM6	4	155	0	0
P-0044987-T01-IM6	4	44	4	24
P-0045120-T01-IM6	10	0	21	0
P-0045458-T01-IM6	90	32	249	0
P-0045671-T01-IM6	3	4	0	6
P-0045738-T01-IM6	0	8	8	11
P-0045991-T01-IM6	0	7	0	12
P-0046448-T01-IM6	4	29	0	0
P-0046630-T01-IM6	0	40	0	0
P-0046754-T01-IM6	0	11	0	16
P-0046965-T01-IM6	399	29	0	51
P-0047374-T01-IM6	1	48	6	4
P-0047653-T01-IM6	24	2	27	0
P-0047766-T01-IM6	0	48	0	0
P-0047768-T01-IM6	1	48	13	0
P-0047771-T01-IM6	63	0	27	0
P-0047974-T01-IM6	33	9	2	0
P-0048176-T01-IM6	2	12	0	11
P-0048238-T01-IM6	0	7	1	15
P-0048255-T01-IM6	0	7	8	23
P-0048521-T01-IM6	0	7	1	15
P-0048589-T01-IM6	2	1	0	18
P-0048620-T01-IM6	0	5	9	18
P-0048757-T01-IM6	1	18	14	0
P-0048915-T01-IM6	0	2	3	16
P-0048984-T01-IM6	0	14	0	6
P-0049047-T01-IM6	386	177	0	66
P-0049073-T01-IM6	186	9	0	24
P-0049274-T01-IM6	36	0	6	4
P-0049291-T01-IM6	0	44	0	1
P-0049371-T01-IM6	29	0	22	0
P-0049473-T01-IM6	1	17	6	4
P-0049485-T01-IM6	0	21	11	14
P-0049760-T01-IM6	80	69	235	0
P-0049775-T01-IM6	3	15	11	3
P-0049788-T01-IM6	20	0	2	0
P-0049805-T01-IM6	0	12	1	8
P-0049931-T01-IM6	0	23	8	8
P-0050111-T01-IM6	0	16	4	8
