NMF_Replicate	L1	L1 %	L2	L2 %	KL Divergence	Correlation	Convergence Iterations
1	44.469	87.928	9.644	55.331	0.894	0.752	30000.0
2	44.251	88.513	9.67	55.594	0.891	0.751	20000.0
3	43.917	87.79	9.385	55.284	0.884	0.758	20000.0
4	44.871	88.683	9.817	56.45	0.894	0.752	40000.0
5	44.807	87.724	9.813	55.674	0.877	0.752	20000.0
6	46.753	90.057	11.072	57.621	0.892	0.743	30000.0
7	43.18	86.335	9.411	54.791	0.873	0.758	20000.0
8	44.781	88.294	9.679	55.803	0.886	0.749	30000.0
9	43.954	86.699	9.533	55.022	0.884	0.76	20000.0
10	43.86	88.152	9.374	55.258	0.886	0.753	30000.0
11	45.287	90.088	9.877	56.62	0.912	0.742	30000.0
12	42.706	87.017	9.3	54.947	0.869	0.757	30000.0
13	44.909	87.777	9.855	55.82	0.892	0.747	40000.0
14	43.412	86.57	9.499	54.573	0.865	0.761	20000.0
15	44.952	89.151	9.746	56.123	0.886	0.749	20000.0
16	44.073	88.689	9.447	55.608	0.897	0.75	30000.0
17	42.898	86.021	9.023	53.239	0.879	0.769	20000.0
18	44.075	86.673	9.568	54.603	0.874	0.759	40000.0
19	44.601	89.373	9.803	56.852	0.922	0.739	20000.0
20	42.799	86.167	9.252	54.609	0.866	0.758	30000.0
21	43.754	86.993	9.523	55.303	0.865	0.759	30000.0
22	45.06	89.572	9.973	56.843	0.907	0.749	40000.0
23	44.558	87.866	9.713	55.316	0.881	0.76	30000.0
24	43.785	87.747	9.401	55.433	0.904	0.756	30000.0
25	44.357	87.009	9.706	55.217	0.872	0.764	30000.0
26	43.735	86.455	9.656	54.394	0.862	0.764	60000.0
27	44.728	87.963	9.692	55.358	0.883	0.756	20000.0
28	44.021	86.923	9.693	55.125	0.88	0.76	20000.0
29	43.687	86.73	9.459	55.045	0.871	0.762	50000.0
30	43.912	88.901	9.637	56.265	0.887	0.745	30000.0
31	48.134	90.167	11.429	57.736	0.869	0.745	30000.0
32	44.342	87.718	9.541	54.787	0.881	0.762	40000.0
33	43.137	86.284	9.391	53.898	0.863	0.773	30000.0
34	43.802	87.214	9.447	55.658	0.892	0.75	20000.0
35	44.218	87.45	9.526	55.283	0.889	0.752	20000.0
36	43.702	88.078	9.364	55.774	0.882	0.751	20000.0
37	44.126	87.178	9.622	54.651	0.859	0.768	30000.0
38	43.522	86.815	9.36	54.329	0.883	0.761	30000.0
39	44.388	86.93	9.756	55.45	0.869	0.753	40000.0
40	45.298	90.222	10.065	57.417	0.884	0.741	20000.0
41	43.578	86.785	9.385	54.579	0.902	0.762	20000.0
42	43.697	87.497	9.454	54.91	0.885	0.756	20000.0
43	43.19	86.423	9.276	54.115	0.883	0.761	30000.0
44	44.323	88.8	9.719	55.616	0.894	0.75	30000.0
45	44.302	89.705	9.585	56.996	0.909	0.731	30000.0
46	44.317	87.745	9.741	55.535	0.881	0.757	30000.0
47	44.427	88.463	9.643	56.048	0.91	0.743	30000.0
48	45.287	90.675	9.769	56.246	0.905	0.745	50000.0
49	43.804	87.779	9.415	55.483	0.898	0.758	40000.0
50	44.161	87.885	9.573	55.478	0.867	0.754	30000.0
51	44.392	86.72	9.824	55.733	0.865	0.754	30000.0
52	44.057	87.536	9.54	55.221	0.877	0.758	30000.0
53	43.694	86.566	9.71	55.172	0.865	0.761	20000.0
54	44.39	87.118	9.608	55.058	0.884	0.767	40000.0
55	43.553	87.331	9.467	54.864	0.873	0.761	20000.0
56	43.292	86.035	9.286	54.037	0.855	0.765	60000.0
57	42.825	85.795	9.325	54.352	0.862	0.77	50000.0
58	44.991	87.495	10.088	56.032	0.853	0.754	40000.0
59	44.304	86.94	9.633	54.533	0.875	0.761	40000.0
60	43.974	87.252	9.62	55.266	0.865	0.757	20000.0
61	44.253	87.128	9.666	55.024	0.87	0.761	40000.0
62	44.107	87.208	9.414	55.082	0.873	0.763	20000.0
63	43.526	86.609	9.565	55.524	0.869	0.759	20000.0
64	44.437	87.473	9.781	56.398	0.864	0.754	20000.0
65	44.54	89.479	9.66	56.476	0.904	0.743	20000.0
66	44.616	86.335	9.814	54.808	0.86	0.764	20000.0
67	44.151	87.464	9.542	55.211	0.882	0.754	20000.0
68	44.632	88.092	9.56	55.746	0.873	0.749	30000.0
69	44.714	88.536	9.648	55.338	0.882	0.753	50000.0
70	43.58	86.44	9.606	54.674	0.86	0.763	30000.0
71	44.215	87.612	9.554	55.639	0.889	0.755	30000.0
72	43.595	86.261	9.42	54.695	0.875	0.768	30000.0
73	43.732	85.935	9.496	54.467	0.862	0.767	30000.0
74	43.897	87.432	9.57	55.604	0.899	0.749	50000.0
75	43.9	87.056	9.461	55.113	0.867	0.754	30000.0
76	44.636	87.186	9.814	55.368	0.866	0.758	30000.0
77	44.334	89.025	9.488	55.768	0.905	0.749	20000.0
78	43.925	88.309	9.541	55.835	0.898	0.749	30000.0
79	43.576	87.275	9.411	55.251	0.869	0.761	30000.0
80	42.606	86.337	9.433	55.42	0.874	0.75	30000.0
81	44.408	87.788	9.817	55.686	0.873	0.758	40000.0
82	43.792	86.915	9.433	55.331	0.879	0.752	30000.0
83	47.51	88.862	11.401	57.299	0.858	0.754	40000.0
84	44.138	88.428	9.612	55.474	0.889	0.761	30000.0
85	43.345	87.083	9.447	55.062	0.872	0.755	30000.0
86	43.347	86.053	9.577	54.814	0.863	0.767	20000.0
87	43.715	86.862	9.525	55.204	0.866	0.757	40000.0
88	43.286	85.993	9.333	54.069	0.857	0.774	50000.0
89	43.408	87.391	9.356	54.835	0.886	0.759	70000.0
90	43.108	85.615	9.317	53.829	0.859	0.768	40000.0
91	44.165	86.447	9.587	55.073	0.865	0.767	20000.0
92	42.501	84.488	9.138	53.884	0.852	0.766	20000.0
93	45.956	89.427	10.18	57.191	0.869	0.748	50000.0
94	46.871	89.479	10.902	56.713	0.893	0.748	20000.0
95	45.037	88.549	9.914	56.559	0.885	0.747	30000.0
96	44.069	87.287	9.649	55.343	0.876	0.755	60000.0
97	44.126	89.091	9.709	56.525	0.896	0.745	20000.0
98	43.271	86.879	9.386	55.023	0.871	0.757	50000.0
99	44.103	86.795	9.526	54.544	0.876	0.764	20000.0
100	43.84	87.821	9.679	56.017	0.876	0.751	20000.0
